50
100 3 3
500 500 500
500 500 120
500 140 500
10 10 10
10 10 10
10 10 10
100 3 3
500 100 500
100 100 500
500 500 500
10 10 10
10 10 10
10 10 10
552 10 10
602 712 559 999 939 729 596 918 332 896
873 516 769 566 820 977 693 980 960 524
816 992 856 992 502 803 994 1000 891 956
912 978 632 752 859 681 771 849 958 809
909 896 377 708 855 539 960 842 1000 967
973 940 880 893 906 540 765 761 850 441
978 928 909 520 768 949 426 975 831 898
310 966 985 976 610 262 443 788 879 511
698 808 799 765 767 982 800 852 907 577
816 820 813 686 895 983 897 728 900 351
501 146 547 572 837 569 288 389 81 832
537 448 673 188 801 640 72 919 595 500
280 140 731 314 303 630 732 675 87 447
482 837 264 251 238 288 499 795 955 455
849 448 27 336 412 136 923 427 999 43
380 470 785 814 670 253 297 154 621 195
975 831 790 435 262 734 174 870 819 35
303 61 880 736 56 161 294 631 304 107
543 558 395 701 110 756 239 769 382 552
785 819 759 283 866 978 611 643 169 284
914 8 9
1000 954 1000 1000 1000 589 910 795 555
295 1000 623 1000 589 933 324 630 797
605 1000 654 1000 413 912 691 554 841
883 1000 235 1000 303 1000 703 805 429
858 1000 1000 1000 827 915 179 626 944
641 1000 895 1000 958 458 729 892 856
527 1000 353 1000 854 258 997 838 929
506 1000 956 1000 362 278 717 172 842
1 204 904 1 1 299 886 749 535
286 1 612 1 577 78 278 589 783
596 1 609 1 373 754 664 519 810
847 1 199 1 283 795 687 777 393
824 1 1 1 803 253 158 599 896
614 1 848 1 915 43 295 150 837
485 1 319 1 806 256 997 726 544
473 1 927 1 321 271 711 152 600
316 4 2
1000 906
920 907
973 958
511 829
1 312
249 561
266 682
172 10
149 10 10
643 492 897 935 969 840 988 919 636 721
733 610 498 459 843 572 765 288 990 751
831 653 890 935 907 897 67 675 913 422
905 852 881 304 791 904 855 942 819 713
973 993 771 921 781 944 739 704 764 703
858 592 861 249 995 924 895 925 419 829
974 849 797 744 584 958 964 839 974 829
784 643 718 971 326 703 678 672 976 790
959 114 377 371 454 800 932 900 608 762
466 986 845 469 241 449 117 966 671 987
535 296 436 73 895 503 719 820 20 552
112 359 143 108 520 548 704 224 352 377
130 88 566 720 290 735 30 611 795 246
297 831 340 195 659 527 802 383 27 649
890 570 88 795 602 635 537 250 489 271
719 427 688 235 993 284 826 731 256 290
339 107 625 454 504 709 340 217 769 634
209 522 324 881 325 139 64 593 954 71
474 31 347 193 450 283 237 835 182 618
236 872 578 338 213 339 53 852 196 173
588 10 10
638 494 993 403 360 981 116 849 805 536
965 445 247 340 296 957 942 924 805 957
992 605 738 285 863 191 415 932 813 350
922 875 814 834 998 873 996 443 992 806
871 922 838 180 857 893 938 697 649 926
773 891 860 685 933 888 797 866 819 311
969 976 920 984 985 982 940 321 382 576
867 738 474 941 988 869 632 862 852 931
357 933 995 933 879 762 809 688 973 736
808 967 532 951 977 961 901 376 661 823
188 237 870 238 137 790 63 50 741 241
818 333 33 121 208 880 702 401 396 273
982 364 381 175 854 57 119 590 751 283
81 207 585 540 168 728 391 153 225 243
446 748 684 67 180 801 862 318 214 857
704 396 211 568 931 324 564 292 652 282
410 939 859 933 983 413 174 132 60 72
861 718 249 873 719 359 339 752 257 867
176 924 791 888 106 192 380 150 600 310
721 821 456 750 959 950 600 88 280 360
749 10 7
1000 789 1000 1000 1000 995 314
279 1000 821 1000 103 875 556
330 1000 181 1000 922 254 693
166 1000 956 1000 485 785 994
282 1000 1000 1000 444 945 689
853 1000 398 1000 611 877 721
287 1000 974 1000 830 46 887
893 1000 747 1000 990 800 979
994 1000 20 1000 911 593 848
220 1000 965 1000 733 461 990
1 347 739 1 1 549 314
264 1 794 1 60 175 544
304 1 141 1 904 204 690
161 1 923 1 462 97 967
271 1 1 1 420 710 643
820 1 391 1 592 86 547
277 1 972 1 783 45 576
876 1 702 1 953 757 735
948 1 7 1 867 592 410
203 1 935 1 726 432 237
812 9 7
1000 852 1000 1000 1000 843 639
75 1000 804 1000 612 944 741
513 1000 798 1000 353 671 191
219 1000 939 1000 500 665 260
980 1000 1000 1000 535 975 486
699 1000 465 1000 558 502 525
69 1000 442 1000 191 924 815
269 1000 230 1000 86 704 656
650 1000 883 1000 916 344 710
1 710 802 1 1 793 637
55 1 776 1 598 440 698
500 1 784 1 318 363 152
179 1 911 1 459 488 256
976 1 1 1 519 238 452
695 1 447 1 549 74 501
62 1 413 1 184 316 366
241 1 184 1 65 691 288
620 1 839 1 875 335 549
352 10 10
944 924 748 783 555 726 717 894 765 996
904 756 826 504 873 860 875 993 999 883
791 773 856 739 996 983 978 974 798 788
923 760 575 764 998 976 844 989 884 632
898 799 800 690 844 894 865 312 914 54
833 998 628 799 846 966 718 886 337 995
432 452 977 562 970 989 899 725 863 808
932 845 991 510 929 780 628 975 770 956
992 650 591 766 451 609 945 557 753 764
632 349 970 443 804 332 843 546 646 783
669 401 639 713 56 341 478 780 183 396
720 13 279 372 671 268 815 957 996 771
625 492 380 496 324 981 957 787 741 304
842 364 472 461 988 954 398 66 54 414
155 772 339 345 163 714 277 269 877 31
17 828 598 405 509 539 476 477 116 981
232 148 730 339 201 822 135 335 597 658
908 119 595 373 825 597 439 915 215 917
975 336 442 334 408 494 355 60 385 348
566 142 782 106 662 115 815 19 120 392
889 6 6
1000 929 1000 1000 1000 846
53 1000 130 1000 195 1000
605 1000 216 1000 988 949
578 1000 109 1000 599 971
174 1000 1000 1000 554 491
694 1000 620 1000 729 905
1 756 879 1 1 777
50 1 82 1 170 476
583 1 180 1 942 823
536 1 86 1 578 388
172 1 1 1 535 281
656 1 585 1 729 386
86 2 2
802 568
838 172
42 24
16 65
861 10 10
911 988 614 918 990 966 846 931 627 469
857 910 643 434 995 440 441 921 313 549
935 823 752 596 999 897 275 826 946 964
71 747 991 894 970 983 972 902 355 963
609 890 998 727 978 985 161 806 662 807
227 369 983 474 988 781 765 922 953 831
176 444 909 755 475 999 690 752 786 886
358 897 880 981 664 528 554 994 781 851
154 850 438 723 928 563 428 928 735 946
882 736 370 983 802 982 777 946 900 939
486 611 408 877 883 180 691 215 407 310
794 88 611 65 867 302 214 431 178 194
927 656 140 435 996 783 224 786 775 771
52 23 608 885 571 982 802 817 354 839
346 539 923 107 877 338 6 193 377 615
211 147 20 137 565 386 469 832 952 679
167 109 833 309 434 860 132 9 321 501
161 796 514 263 116 230 65 958 462 810
62 244 28 656 917 255 19 151 710 428
774 412 234 439 599 294 621 585 752 440
925 8 7
1000 965 1000 1000 1000 934 1000
170 1000 737 1000 391 836 445
990 1000 497 1000 82 134 815
318 1000 945 1000 1000 16 637
578 1000 1000 1000 198 824 508
50 1000 105 1000 445 1000 399
548 1000 92 1000 988 896 544
475 1000 110 1000 218 872 926
1 485 915 1 1 722 998
156 1 705 1 360 349 134
957 1 464 1 65 85 320
304 1 931 1 999 7 373
535 1 1 1 166 793 3
32 1 83 1 439 1000 283
499 1 45 1 981 849 210
432 1 65 1 171 864 308
77 10 10
455 510 703 980 506 471 551 311 815 480
533 595 377 928 888 859 942 657 997 978
626 881 922 822 758 996 986 512 895 713
605 938 545 968 961 975 959 416 533 981
550 709 612 690 989 644 739 763 177 855
719 906 920 836 930 539 736 599 898 826
975 969 732 926 670 640 213 305 371 753
762 984 789 996 380 871 835 813 974 921
454 755 807 819 798 790 628 935 919 804
658 1000 494 998 380 739 928 934 905 805
234 309 341 554 479 421 172 250 346 287
398 44 208 284 840 71 917 551 508 149
252 511 789 600 539 981 608 69 342 309
295 195 355 820 957 768 242 334 385 867
522 562 463 320 982 209 688 191 12 746
683 879 492 124 848 502 73 498 693 731
103 654 449 314 208 23 109 58 209 60
397 140 701 876 135 123 248 730 972 670
386 473 647 359 214 341 133 431 821 463
616 895 180 912 160 384 761 347 898 65
846 10 10
896 943 181 996 979 126 788 710 847 611
622 899 842 872 705 650 784 993 706 650
732 836 850 854 542 696 563 538 594 775
837 555 257 852 970 784 611 919 571 303
717 994 417 636 634 993 889 802 728 597
96 991 600 616 876 832 784 778 626 807
927 964 833 954 952 950 843 769 908 949
745 983 792 995 936 921 897 867 886 166
661 469 977 432 550 377 980 760 115 958
519 921 313 964 670 622 974 966 936 930
292 397 109 975 486 25 297 285 442 326
5 229 771 317 380 183 536 988 367 520
293 746 323 667 76 423 213 421 310 526
654 318 206 537 970 489 303 555 551 92
564 987 391 265 598 673 810 792 401 290
87 984 586 13 110 432 148 505 209 589
912 410 761 791 881 426 497 708 109 570
528 947 189 564 573 427 804 260 869 146
481 420 951 412 198 333 508 751 82 657
170 841 232 673 501 553 760 26 812 227
300 8 7
1000 997 1000 976 1000 814 334
639 506 279 707 998 938 512
482 67 286 829 658 708 402
693 8 490 770 300 580 552
639 185 409 68 734 372 714
834 256 429 40 846 984 940
414 287 457 978 617 545 147
1000 963 1000 90 1000 484 1000
1 992 1 256 1 769 306
350 505 52 679 412 891 467
170 45 229 784 105 703 380
379 1 101 760 223 540 523
53 175 343 36 142 331 682
147 207 38 8 267 944 908
197 264 318 936 25 525 141
1 639 1 61 1 121 1
401 10 10
845 605 991 355 803 984 994 910 573 610
618 487 896 351 955 678 791 63 574 803
951 915 958 935 485 957 853 981 821 919
472 748 996 687 946 728 672 929 924 690
829 675 764 788 819 775 264 381 341 579
925 488 616 897 864 669 912 982 857 921
868 752 596 188 842 632 539 398 725 988
894 905 714 732 566 934 755 985 839 886
973 393 877 909 993 759 645 785 854 210
807 946 834 964 981 757 745 634 917 763
526 9 958 212 588 967 551 835 502 59
547 332 892 313 656 669 766 7 207 185
513 365 711 43 110 901 298 962 754 571
118 330 952 346 906 656 349 833 905 498
746 671 111 483 610 625 96 314 290 557
820 316 575 417 505 190 912 899 499 589
690 539 167 184 826 146 304 165 169 709
46 432 69 34 514 369 409 693 770 864
968 240 589 852 937 36 384 507 657 102
648 921 750 890 840 466 673 429 32 686
800 10 5
1000 177 318 419 85
741 1000 127 987 544
98 631 546 545 354
748 761 778 92 383
907 720 751 972 674
87 931 906 979 155
163 921 947 759 299
485 769 940 70 64
961 903 953 979 81
673 538 774 865 953
1 78 227 262 25
266 1 66 521 19
2 267 294 329 246
302 466 2 26 3
420 436 526 357 29
27 334 445 894 40
16 610 513 561 239
255 93 464 3 3
549 102 468 473 18
152 327 169 540 689
491 8 5
754 1000 775 695 822
521 1000 966 649 983
603 599 813 979 992
950 855 580 660 575
982 645 682 623 887
748 776 723 654 972
882 577 580 629 760
904 724 636 680 995
211 1000 278 146 43
461 1 694 46 25
464 264 147 185 112
247 62 258 342 305
109 216 447 169 478
20 258 157 477 28
272 225 485 180 351
334 119 285 334 48
299 9 2
1000 546
942 826
859 655
838 353
643 847
724 586
722 771
534 804
677 821
1 106
244 144
753 55
428 203
407 65
256 336
255 105
462 325
339 712
673 10 10
953 782 976 963 540 862 809 961 394 916
721 909 952 986 946 998 958 247 944 931
597 920 982 906 978 608 657 332 984 976
785 709 855 202 823 828 628 800 837 703
863 809 573 917 847 998 894 964 971 864
614 720 950 928 219 983 736 723 804 896
419 965 828 512 987 928 835 812 687 779
911 984 989 845 459 980 969 973 315 833
987 940 768 800 771 523 942 927 991 804
198 165 866 523 892 916 943 966 989 859
463 700 41 936 416 688 580 834 368 683
503 555 777 525 945 668 921 1 889 866
573 797 523 822 327 490 70 163 965 778
677 41 714 195 328 609 242 487 739 80
764 565 364 270 826 940 843 635 724 861
409 655 931 562 180 921 410 470 561 121
47 594 428 149 96 907 535 580 675 231
782 797 890 669 175 544 921 815 236 632
676 539 726 26 611 254 916 287 928 86
132 28 697 456 508 616 824 745 624 446
382 5 7
694 1000 992 222 824 693 175
616 684 488 734 800 425 688
842 382 926 57 962 353 655
297 138 756 961 558 650 417
960 907 668 958 730 526 823
149 971 659 22 159 595 92
566 224 256 607 246 176 101
236 61 255 3 651 36 525
197 72 551 282 6 158 117
676 96 618 569 125 465 235
747 9 8
857 898 809 995 809 906 840 992
830 919 973 870 820 894 895 978
805 797 881 983 924 998 982 845
980 921 803 847 807 919 879 936
923 855 802 848 876 972 910 872
935 842 937 919 859 928 810 979
874 891 949 884 864 885 824 942
979 979 902 809 811 981 878 835
996 910 948 844 800 939 839 865
48 594 246 269 709 615 468 534
411 395 310 516 335 624 123 480
473 15 547 490 483 430 214 144
141 613 198 118 668 43 489 383
440 354 101 338 44 376 574 472
480 8 139 221 288 271 208 411
640 476 282 166 424 172 483 385
570 651 108 358 387 592 125 253
272 179 385 637 307 479 295 594
401 10 10
998 963 941 919 743 701 448 786 961 777
986 952 933 987 389 957 998 832 795 911
985 785 988 966 993 923 448 563 496 947
798 455 728 941 958 692 787 633 162 43
972 955 751 609 973 795 685 834 871 800
384 926 414 858 767 643 863 953 906 720
210 208 378 977 658 751 813 875 949 541
761 939 236 730 374 738 874 941 559 1000
536 901 517 718 944 365 169 925 986 948
618 874 726 682 968 855 906 150 540 820
804 219 512 870 648 360 218 758 892 762
553 699 342 174 359 468 997 710 119 374
901 336 876 382 790 502 13 379 217 853
387 375 5 878 382 592 52 439 76 22
947 917 123 416 702 481 587 670 779 769
230 818 342 371 420 379 288 657 548 80
62 33 38 942 317 664 773 349 88 532
645 576 67 5 46 63 779 354 502 984
462 68 479 701 497 129 100 85 609 456
547 460 641 493 966 664 826 14 327 416
104 9 10
1000 997 1000 916 1000 312 1000 786 1000 771
943 822 835 314 587 969 623 275 699 270
929 163 879 418 934 278 518 1000 850 234
513 71 856 938 346 412 454 785 645 752
377 471 862 191 953 259 894 461 879 386
891 955 913 135 822 317 872 738 850 922
841 465 881 114 938 382 988 551 34 734
824 327 972 672 916 84 870 263 425 785
1000 975 1000 911 1000 943 1000 481 670 585
1 957 1 665 1 279 1 493 1 732
800 784 609 303 457 968 296 234 446 250
43 156 540 380 96 230 216 990 38 223
214 40 501 923 15 386 292 736 529 738
289 464 570 169 59 234 353 460 30 369
95 944 238 111 772 292 642 736 747 315
735 435 130 84 325 348 340 547 26 344
76 300 805 630 2 50 768 215 378 359
1 317 1 864 1 732 1 433 658 199
196 6 10
1000 645 1000 987 1000 579 1000 588 1000 839
699 593 812 700 417 451 921 907 759 616
961 801 662 513 883 760 993 940 920 879
752 802 851 361 715 365 983 63 717 946
571 926 233 597 891 801 905 595 1000 871
1000 772 1000 228 1000 799 1000 846 685 919
1 596 1 90 1 565 1 44 1 800
125 579 299 696 79 402 645 902 595 589
611 792 334 507 187 749 867 926 514 521
77 796 3 314 502 325 354 52 709 421
259 908 84 583 85 760 228 551 955 582
1 276 1 185 1 24 1 822 681 451
249 5 4
1000 566 943 1000
397 884 63 910
1000 1000 550 1000
998 244 877 52
1000 978 985 978
1 392 243 1
348 841 40 257
1 67 183 1
234 216 831 30
1 269 780 35
741 8 5
1000 940 813 663 425
815 731 710 759 264
735 991 701 754 579
689 993 563 821 947
948 612 804 905 936
213 613 646 840 795
317 986 670 701 545
935 137 493 788 800
1 599 729 641 378
175 539 376 247 263
509 744 49 565 558
134 452 6 193 886
363 496 481 629 234
180 190 312 467 249
282 733 482 636 442
926 118 464 310 376
880 3 4
936 1000 971 977
910 1000 914 951
935 994 872 642
755 996 276 841
851 1 217 379
217 865 160 428
430 10 7
1000 470 1000 1000 1000 710 823
482 1000 304 1000 59 549 521
60 1000 296 1000 989 197 475
368 1000 979 1000 373 938 593
419 1000 1000 1000 522 955 695
558 1000 400 1000 280 268 660
690 1000 905 1000 436 233 434
673 1000 771 1000 740 109 880
926 1000 457 1000 692 756 640
289 1000 440 1000 590 987 557
1 376 420 1 1 93 790
463 1 295 1 31 251 40
33 1 282 1 948 194 222
338 1 950 1 340 917 289
380 1 1 1 486 923 442
538 1 351 1 232 248 131
644 1 886 1 391 206 107
661 1 735 1 739 90 48
892 1 431 1 646 721 211
264 1 440 1 590 964 66
132 5 8
1000 691 1000 1000 1000 133 92 871
924 600 875 998 909 945 92 345
959 341 663 437 978 128 163 838
923 65 604 912 926 491 110 172
1000 995 1000 465 1000 997 1000 556
1 683 1 509 1 119 43 839
559 556 261 996 714 914 58 315
839 339 316 406 308 98 128 815
234 18 142 890 547 456 91 167
1 272 1 465 1 625 1 94
788 9 3
1000 504 346
844 767 648
626 962 949
882 609 743
480 722 895
818 946 755
991 690 567
942 528 665
793 845 752
1 282 313
359 217 120
277 257 486
259 177 691
318 105 291
340 360 285
482 112 111
761 387 454
775 206 566
794 10 7
1000 950 388 361 215 462 288
693 709 385 261 848 195 180
762 993 451 592 436 915 570
773 902 969 940 841 770 962
462 780 787 984 834 940 608
759 877 898 779 567 760 941
769 594 959 507 493 851 915
353 731 999 564 901 979 875
787 524 724 939 651 573 823
640 62 57 250 872 582 308
1 116 227 340 173 432 269
580 581 60 114 815 194 134
526 122 241 52 393 901 538
62 230 839 430 348 162 946
19 408 201 445 232 482 578
309 403 501 270 382 97 537
350 228 623 219 281 25 625
334 141 33 288 43 54 222
754 388 446 562 43 493 401
591 39 21 148 161 55 19
391 6 7
1000 785 1000 719 1000 887 72
994 665 672 270 797 434 685
961 475 345 36 857 795 482
883 979 844 466 797 217 696
921 44 733 48 752 809 774
1000 911 1000 909 1000 605 1000
1 766 1 630 1 885 36
830 647 286 264 463 388 664
626 465 238 32 392 786 461
676 958 256 463 515 211 647
786 23 204 34 476 771 769
1 849 1 906 1 431 1
123 10 5
1000 45 1000 888 1000
828 474 886 991 976
626 998 827 625 787
965 410 898 79 377
889 668 812 961 619
950 567 887 978 914
954 352 837 851 854
773 756 787 387 854
971 15 795 174 872
1000 839 1000 944 599
1 28 1 509 1
185 463 572 991 402
69 998 617 586 306
565 371 632 72 28
144 640 249 955 94
710 518 496 973 515
722 321 553 840 781
310 741 607 345 665
597 7 710 156 396
1 309 1 899 546
692 8 10
1000 464 648 493 615 926 911 791 559 464
965 990 570 668 954 438 821 982 723 699
943 541 422 616 861 956 768 690 437 398
983 501 844 515 730 524 842 240 684 286
651 776 839 770 817 964 283 450 539 718
999 345 1000 769 678 428 731 819 738 893
893 834 94 25 980 472 972 965 784 688
194 89 760 408 410 891 850 617 971 942
1 180 89 226 338 357 70 749 545 430
581 264 56 424 211 397 621 979 684 666
291 205 36 351 328 315 593 681 397 368
967 147 343 312 326 445 142 211 652 256
636 774 284 712 578 8 100 31 83 361
950 296 635 281 187 44 98 396 451 235
875 811 85 22 976 117 638 732 685 578
147 89 742 368 363 626 524 12 628 875
260 5 9
1000 243 360 449 760 222 309 102 983
123 1000 934 701 610 759 996 129 837
601 853 913 864 924 438 781 961 744
328 923 657 976 926 997 885 936 914
482 333 91 115 686 839 122 865 957
1 106 102 59 288 165 15 2 683
31 1 487 482 407 289 323 49 670
98 24 2 792 659 50 620 330 263
82 50 120 681 310 640 811 217 621
217 69 5 21 475 527 16 751 807
585 10 8
1000 625 1000 1000 1000 720 698 516
440 1000 510 1000 129 845 118 996
536 1000 684 1000 1000 876 607 166
597 1000 952 1000 637 908 252 926
504 1000 517 1000 648 881 799 906
505 1000 1000 1000 170 763 82 818
72 1000 600 1000 163 640 748 624
407 1000 928 1000 569 774 539 818
353 1000 599 1000 120 731 384 933
671 1000 51 1000 957 974 272 708
1 319 575 1 1 263 655 508
437 1 507 1 103 552 71 987
526 1 650 1 1000 784 564 165
597 1 906 1 626 458 209 891
456 1 485 1 601 87 791 867
461 1 1 1 139 477 77 784
54 1 551 1 147 590 540 276
383 1 902 1 558 738 517 525
343 1 563 1 104 702 353 610
656 1 44 1 919 940 261 467
742 6 9
1000 278 562 513 183 223 259 385 250
207 1000 983 445 726 525 679 960 791
946 781 715 781 759 778 735 586 485
530 161 468 869 163 902 592 771 245
633 643 741 758 408 622 548 671 555
116 327 152 508 209 182 732 553 774
1 49 95 210 40 158 51 305 31
84 1 681 59 472 237 111 133 566
672 565 516 414 424 45 215 241 15
451 18 411 380 110 731 297 373 153
554 352 42 694 67 320 397 437 358
29 144 22 28 79 47 500 78 309
228 10 1
513
228
228
228
228
228
228
228
228
228
119
128
128
128
128
128
128
128
128
128
85 7 9
1000 214 1000 978 1000 306 1000 884 1000
909 714 944 370 900 916 789 721 490
983 278 629 993 926 174 696 257 730
856 799 535 268 497 777 885 775 882
990 807 493 362 841 965 569 994 986
976 462 376 254 908 512 679 103 792
1000 957 1000 157 1000 961 1000 709 942
1 201 1 80 1 275 1 182 1
492 699 134 352 294 889 432 699 122
790 274 396 986 251 169 605 247 440
802 783 287 246 210 747 191 743 419
86 765 101 348 285 927 398 951 131
882 425 106 220 653 467 228 97 570
1 201 1 111 1 643 1 673 565
916 10 10
966 666 801 969 840 790 812 713 760 569
1000 980 768 720 855 640 796 670 560 694
941 940 970 992 728 179 892 918 651 790
47 936 560 666 669 398 975 917 967 168
283 996 887 905 956 776 919 882 969 929
972 859 702 969 663 492 419 919 712 901
534 625 771 972 952 685 802 595 193 879
434 813 994 873 781 889 881 704 851 344
930 939 998 387 453 134 464 862 653 682
876 575 246 920 752 837 999 874 733 497
480 539 613 964 812 375 461 662 685 122
237 660 737 501 501 568 303 470 134 200
794 31 917 975 617 176 282 836 594 238
42 283 436 194 169 396 792 617 929 14
39 450 376 689 560 767 786 766 960 851
947 741 105 799 71 239 44 29 367 752
383 113 498 920 311 237 719 24 39 560
308 732 923 794 549 684 766 47 25 72
844 296 989 89 139 69 193 547 427 402
499 131 233 879 656 648 962 412 585 290
794 6 7
1000 943 759 862 472 144 836
967 805 845 872 605 642 174
890 966 785 935 964 540 343
794 996 727 929 955 866 824
249 840 619 954 911 952 757
219 990 679 248 852 889 819
1 269 557 319 205 128 835
517 585 524 729 328 35 67
218 680 707 342 728 157 71
685 71 87 333 781 408 516
225 666 464 804 756 362 623
192 983 640 226 118 755 700
126 6 4
668 553 776 918
649 532 606 606
383 512 638 437
916 338 252 863
602 574 353 496
538 243 595 406
72 24 22 30
27 5 61 61
114 12 67 57
72 9 116 45
24 19 18 60
44 20 24 67
538 10 6
751 1000 198 427 608 1000
664 355 685 450 397 853
1000 896 832 996 906 1000
206 878 882 577 493 280
1000 683 680 863 38 336
44 952 887 612 267 672
745 554 629 378 217 340
83 112 254 619 785 52
689 160 404 488 484 93
801 520 968 316 671 905
633 1 88 42 96 1
265 326 647 425 369 175
1 282 638 740 482 1
74 843 876 548 470 262
1 334 596 820 22 332
38 929 433 588 238 660
738 545 117 285 195 328
34 108 216 254 746 28
673 149 397 16 44 45
780 495 945 289 358 576
225 3 4
898 862 618 708
911 338 718 625
513 345 321 806
124 79 146 79
153 134 27 189
3 143 69 84
308 4 10
1000 195 771 292 214 297 383 360 342 982
275 1000 676 576 705 779 452 552 539 209
51 629 746 835 851 864 950 838 874 235
591 490 365 413 653 729 831 893 765 565
1 80 614 70 62 51 249 195 109 835
89 1 177 386 172 558 171 286 38 94
1 345 386 581 368 412 562 782 301 181
397 262 8 110 542 553 398 381 497 75
166 10 8
345 168 682 900 848 954 445 1000
424 944 390 556 124 397 893 340
1000 892 904 989 869 968 807 1000
818 486 859 12 231 126 464 681
1000 959 944 943 999 422 111 976
527 947 173 925 922 829 526 201
583 52 532 330 987 934 59 101
697 579 309 528 966 767 72 184
642 426 929 398 884 892 422 469
104 628 560 696 717 410 264 815
95 77 70 282 670 334 210 1
305 915 387 529 95 355 849 83
1 681 828 641 143 723 632 1
406 465 815 2 224 104 453 663
1 512 399 743 989 389 79 972
492 940 133 740 310 780 485 170
564 3 517 326 833 891 48 60
649 549 291 489 434 742 62 158
633 426 927 357 830 212 195 459
96 593 530 676 701 397 26 211
751 6 9
1000 791 1000 1000 1000 753 721 946 572
579 1000 345 1000 573 921 522 543 391
349 1000 55 1000 53 873 920 473 796
269 1000 301 1000 990 619 785 472 969
755 1000 658 1000 369 85 581 795 546
956 1000 1000 1000 813 224 855 40 974
1 236 741 1 1 517 686 935 539
567 1 307 1 573 79 503 526 373
324 1 11 1 32 786 615 434 756
230 1 292 1 980 616 391 353 357
712 1 615 1 320 60 542 767 66
938 1 1 1 813 206 839 14 417
