50
100 3 3
500 500 500
500 500 120
500 140 500
10 10 10
10 10 10
10 10 10
100 3 3
500 100 500
100 100 500
500 500 500
10 10 10
10 10 10
10 10 10
301 10 7
466 1000 843 466 879 899 364
331 1000 847 794 409 573 560
686 968 972 776 373 469 582
613 745 733 645 983 494 433
644 581 505 781 470 943 447
395 767 925 573 715 889 958
740 410 366 859 407 965 1000
525 968 777 877 569 636 923
608 934 967 381 466 490 842
413 364 938 809 381 417 682
165 967 102 61 163 274 12
271 1 196 177 108 180 145
292 680 168 14 78 27 83
174 56 27 107 52 5 66
181 56 58 57 132 90 42
97 185 117 184 179 262 272
36 257 289 260 42 23 6
182 178 121 196 127 506 521
250 201 222 46 211 163 257
127 196 266 182 11 219 339
609 9 5
1000 136 527 912 1000
600 374 610 347 778
1000 560 461 788 1000
994 33 662 485 317
1000 548 954 951 666
863 527 272 18 403
889 850 376 736 498
442 684 822 401 390
643 828 380 292 185
1 22 66 239 1
551 359 562 324 511
1 53 378 91 1
7 12 648 485 273
1 506 938 941 642
185 519 225 14 384
609 376 351 699 476
432 440 102 356 343
620 789 169 102 4
686 10 3
1000 336 303
431 1000 951
849 804 938
317 769 814
780 430 891
209 348 931
143 661 889
615 782 928
57 696 625
925 848 408
1 16 56
168 1 792
438 423 476
195 246 710
141 5 325
137 274 773
92 191 838
33 255 402
1 467 346
576 12 261
926 3 1
995
982
999
816
588
459
501 10 10
838 991 992 658 748 617 572 776 976 979
942 935 984 952 952 911 661 756 684 991
791 917 721 445 348 875 842 937 964 918
789 193 838 619 564 958 764 805 885 100
921 849 891 563 558 399 899 976 957 814
876 894 392 869 553 917 474 903 998 881
223 900 394 566 853 729 409 926 986 816
830 998 453 563 999 856 335 783 817 441
966 917 704 966 738 859 679 732 945 951
888 648 983 933 867 431 597 838 710 858
309 76 902 650 596 341 224 672 971 456
820 578 662 530 940 562 289 650 592 517
188 875 607 193 344 805 661 411 777 151
390 139 283 477 438 669 159 740 793 77
285 650 262 219 146 284 144 578 736 321
858 503 236 824 526 868 133 412 282 489
76 726 246 565 757 507 226 667 602 193
114 993 282 344 994 547 130 709 537 60
949 900 278 339 446 711 295 157 217 490
684 624 661 891 835 66 220 661 647 635
223 9 10
1000 263 1000 1000 1000 990 532 819 654 897
838 1000 336 1000 494 990 951 719 799 982
48 1000 344 1000 636 718 700 866 609 730
998 1000 990 1000 968 346 575 498 108 273
604 1000 87 1000 384 50 800 716 99 920
100 1000 1000 1000 749 990 423 694 648 775
636 1000 602 1000 518 103 315 898 727 911
632 1000 563 1000 155 673 250 529 161 945
100 1000 61 1000 505 567 667 148 800 778
1 97 213 1 1 930 525 803 639 856
827 1 296 1 491 224 159 677 784 973
18 1 340 1 622 670 173 392 566 725
997 1 984 1 968 312 562 76 70 231
603 1 75 1 356 47 778 209 74 880
57 1 1 1 742 972 409 239 9 127
613 1 596 1 484 62 278 861 692 567
593 1 556 1 139 671 240 493 117 481
81 1 58 1 491 533 655 139 772 406
138 10 10
907 921 954 876 826 803 853 903 995 706
992 940 387 236 882 957 860 786 831 995
813 798 749 764 895 931 624 985 722 958
905 916 850 962 992 897 520 743 551 746
255 931 948 854 898 957 949 885 831 698
208 813 893 993 549 923 830 922 993 794
458 842 828 966 989 836 207 943 910 763
874 996 968 951 934 899 970 893 544 929
993 654 737 879 571 641 810 949 887 971
383 964 899 886 935 842 819 919 285 964
791 787 623 770 693 469 701 239 384 545
865 891 270 156 792 485 522 460 557 230
234 715 239 731 843 839 433 20 423 795
891 446 493 793 948 805 361 467 1 107
175 724 548 590 739 835 790 551 537 558
69 665 711 83 31 904 826 804 633 283
129 703 458 904 651 830 131 851 329 279
644 268 962 546 816 668 419 566 326 298
760 47 249 786 534 640 551 350 683 721
136 498 549 781 883 553 755 587 200 696
176 6 8
544 208 350 434 739 987 640 1000
659 784 754 582 338 767 993 953
1000 979 801 885 857 855 880 1000
716 429 559 973 598 652 153 336
1000 864 724 780 535 627 552 642
478 67 387 672 445 997 917 833
42 73 149 3 183 97 575 1
502 746 720 582 312 757 993 263
1 483 638 127 792 337 126 1
444 399 529 934 559 652 114 298
1 143 229 424 528 605 549 633
448 42 363 217 294 29 628 34
22 10 10
999 992 808 838 864 997 835 438 740 999
751 945 998 979 450 890 933 945 640 346
499 849 917 791 171 748 799 786 922 965
741 691 876 773 948 901 849 825 344 990
927 753 323 686 976 865 941 998 951 959
972 984 706 845 732 839 622 403 967 911
908 877 669 998 685 923 739 850 659 699
738 219 525 498 733 780 482 713 985 572
988 855 486 569 359 848 772 985 897 871
488 913 569 988 383 884 842 815 770 784
933 715 605 430 507 983 802 237 153 995
400 38 989 395 287 603 93 649 624 223
314 546 565 595 137 131 430 238 831 963
547 244 497 82 659 114 817 101 278 537
503 653 112 350 873 622 932 762 896 899
61 203 348 154 636 219 412 71 636 816
788 632 229 147 545 648 600 835 254 628
733 28 116 18 221 240 409 79 691 112
973 192 403 224 69 693 572 944 725 494
145 657 458 541 311 420 679 78 2 679
256 8 8
1000 296 1000 1000 1000 865 590 821
645 1000 417 1000 508 905 945 425
574 1000 692 1000 663 385 552 157
475 1000 403 1000 892 993 993 930
827 1000 395 1000 958 900 476 363
517 1000 1000 1000 650 697 825 870
291 1000 514 1000 581 722 638 664
195 1000 771 1000 94 682 886 481
1 141 246 1 1 626 573 804
636 1 385 1 468 29 930 390
555 1 690 1 630 11 551 120
462 1 396 1 851 148 957 917
810 1 370 1 909 602 452 349
488 1 1 1 650 623 789 821
254 1 513 1 552 281 606 619
164 1 740 1 82 387 356 416
547 7 10
1000 455 259 489 498 843 166 648 743 700
277 1000 494 546 951 991 616 338 504 203
541 881 910 597 89 117 292 897 977 379
205 591 884 399 743 995 349 960 541 758
605 970 782 576 632 543 871 862 909 861
590 379 127 849 647 510 711 949 236 243
144 963 319 843 890 795 673 754 743 805
1 136 17 66 205 96 99 476 290 67
134 1 227 30 750 936 125 81 391 32
239 175 821 417 4 43 50 170 434 206
69 322 565 11 312 85 88 357 98 517
301 507 263 494 443 343 658 805 100 180
7 197 47 774 200 217 385 854 113 123
55 702 54 172 405 682 72 499 626 453
195 8 5
1000 888 1000 804 1000
765 992 774 935 658
811 322 967 455 844
719 544 769 87 804
552 412 870 89 979
968 235 943 405 516
791 256 927 993 633
1000 421 1000 662 525
1 877 1 384 1
158 973 684 900 432
159 289 170 413 245
456 530 101 53 170
133 394 705 61 379
477 215 650 405 45
698 246 759 978 105
1 41 1 644 206
12 10 10
803 493 943 961 897 399 706 618 879 687
842 858 341 903 951 1000 496 492 986 830
989 180 432 731 964 967 790 731 449 867
971 850 930 673 985 629 996 930 958 835
996 771 674 609 895 759 535 960 860 556
806 918 444 787 767 965 958 896 906 694
700 767 559 409 223 772 513 819 670 711
990 998 981 840 585 816 222 812 786 575
967 354 1000 911 913 751 646 701 977 961
741 797 846 610 148 976 896 946 990 490
440 84 349 439 2 61 181 445 394 620
697 43 338 743 707 805 338 117 986 762
50 31 308 327 286 425 24 127 92 211
933 772 492 310 740 529 892 370 388 604
994 475 458 578 366 654 507 920 801 475
651 545 266 445 610 612 909 896 461 543
317 353 324 172 204 392 354 748 591 325
943 118 725 568 190 766 9 680 438 320
849 151 998 877 793 713 137 289 163 923
670 240 510 362 122 899 96 876 427 378
737 10 10
787 672 620 265 990 956 805 899 989 996
767 848 900 820 582 610 805 974 877 498
839 981 864 786 910 983 990 785 385 846
758 992 973 730 795 843 823 751 774 1000
731 841 989 980 957 448 975 187 715 913
981 701 552 233 842 945 993 559 683 603
290 568 990 857 755 987 977 490 499 503
271 241 636 495 956 781 687 937 360 684
804 956 625 724 951 966 683 773 995 927
687 591 784 986 830 726 803 461 406 966
577 165 328 67 666 909 258 388 744 440
389 279 688 238 108 568 725 915 825 69
696 173 702 436 161 867 953 565 121 503
558 760 935 390 634 115 644 41 685 636
588 474 44 937 775 95 861 99 529 258
868 237 334 196 347 755 686 76 617 596
257 427 544 616 506 959 434 405 140 137
108 125 470 225 473 181 509 355 54 476
742 283 332 295 936 662 322 48 699 875
582 48 720 494 467 684 107 87 330 161
868 10 10
942 598 931 783 931 850 855 810 575 800
702 630 867 882 875 983 743 838 840 984
481 1000 158 804 203 882 712 560 178 992
949 871 215 933 804 399 835 740 967 828
997 728 881 937 994 999 854 985 553 336
770 970 659 646 802 670 572 820 574 998
509 847 336 951 930 937 617 844 781 551
921 984 230 1000 816 484 679 845 925 275
585 656 980 876 959 609 740 707 969 510
829 733 363 324 319 427 892 589 826 999
533 341 294 733 831 273 749 621 376 600
297 7 616 48 822 512 667 708 701 981
232 781 36 102 179 15 611 311 142 986
491 672 139 912 170 75 518 733 960 646
886 613 324 777 921 997 359 717 398 22
130 671 655 565 588 103 543 76 342 683
394 728 50 917 588 717 386 376 109 119
172 906 174 932 338 481 644 169 911 134
375 567 945 855 926 167 317 162 834 151
58 606 102 97 211 214 497 400 95 311
625 5 1
774
625
625
625
625
448
525
525
525
525
209 10 8
1000 859 817 67 765 443 900 991
961 982 617 779 785 975 405 925
980 864 710 879 971 814 215 747
994 697 634 968 451 654 955 888
872 639 759 971 938 542 822 892
513 958 936 884 981 691 955 909
396 829 796 859 637 968 322 940
915 534 625 903 855 957 807 698
952 564 305 859 943 278 792 672
968 915 651 240 534 603 951 774
1 371 78 44 742 397 854 949
872 779 403 271 577 685 391 921
905 146 516 172 332 604 166 743
441 492 329 825 148 249 931 880
124 248 550 321 171 460 619 544
128 69 716 501 245 81 670 40
350 550 11 240 115 157 57 453
907 526 556 107 406 506 485 436
912 529 270 503 79 36 188 108
934 889 619 222 489 428 567 65
559 8 9
1000 599 1000 1000 1000 920 759 298 988
180 1000 908 1000 342 987 989 58 590
229 1000 167 1000 630 962 760 303 8
680 1000 766 1000 737 980 454 651 850
881 1000 1000 1000 742 840 233 704 514
569 1000 792 1000 202 753 927 806 283
546 1000 719 1000 898 51 878 857 893
104 1000 370 1000 792 655 222 76 998
1 236 549 1 1 869 741 273 978
179 1 877 1 326 263 975 23 580
224 1 139 1 600 896 727 279 2
658 1 739 1 722 50 429 611 802
872 1 1 1 716 681 184 691 483
543 1 744 1 174 308 664 181 260
539 1 687 1 883 37 849 747 751
93 1 343 1 765 630 203 34 170
689 3 5
1000 967 700 778 698
761 718 906 903 705
991 424 355 838 613
1 404 343 584 656
42 3 182 569 105
982 150 94 304 347
383 7 5
1000 939 60 530 399
937 606 546 501 869
809 626 599 645 937
421 610 606 992 847
214 327 504 501 450
592 1000 872 914 904
139 992 996 994 933
1 428 23 487 362
369 83 402 475 853
228 455 393 206 915
41 167 280 391 433
199 107 184 21 323
548 734 44 776 145
105 942 373 633 323
592 4 9
852 765 733 787 850 1000 646 770 939
687 875 932 821 987 688 906 832 958
849 961 936 714 950 970 992 968 990
946 712 844 996 798 920 751 642 751
346 244 28 266 198 34 544 66 252
446 585 151 132 185 378 525 38 348
529 207 267 477 474 259 188 314 140
112 177 371 341 589 383 155 268 357
935 10 10
985 872 961 621 990 892 251 766 697 953
997 859 946 891 730 100 995 469 939 936
938 806 635 695 917 573 925 999 576 904
760 900 387 833 815 881 427 903 949 257
840 992 754 787 133 699 456 701 927 760
980 674 999 520 526 759 654 511 801 711
899 721 424 200 809 971 572 484 853 955
966 573 913 389 647 802 916 723 603 935
578 751 864 797 473 820 804 995 536 540
985 861 660 498 808 913 339 970 868 841
618 488 761 269 835 547 213 697 500 630
995 557 597 280 691 66 49 50 518 849
842 269 414 361 517 267 644 997 95 854
361 831 130 489 339 622 209 854 936 238
617 314 679 779 62 58 364 535 324 679
962 674 999 143 447 89 42 53 63 38
436 250 390 19 284 939 429 318 131 64
639 351 905 138 181 795 825 602 92 927
21 59 181 580 83 310 499 945 471 74
960 536 264 350 461 257 197 633 366 631
607 10 10
838 721 513 994 999 763 897 847 693 977
719 948 869 660 952 729 752 838 683 924
847 882 615 942 399 699 645 553 210 969
721 901 306 880 990 981 534 855 903 331
934 975 951 982 742 550 321 843 969 112
752 947 902 858 1000 645 929 319 878 917
578 936 816 549 674 897 46 860 891 875
768 854 965 932 714 492 662 786 609 708
523 921 927 987 472 744 519 922 578 501
418 598 978 731 940 313 867 677 952 331
405 339 268 910 998 464 897 744 661 213
589 551 539 392 559 622 305 567 216 906
577 697 281 771 127 518 117 123 9 919
658 208 204 237 973 633 511 684 598 84
789 717 627 911 41 301 74 363 320 48
741 849 149 70 690 152 782 87 731 888
531 821 715 424 494 30 15 828 114 217
401 633 924 688 385 410 115 554 485 566
472 844 177 980 243 11 226 455 165 189
142 518 922 436 912 23 300 221 889 160
106 10 5
982 979 505 290 793
529 248 836 327 649
921 776 982 599 560
640 926 597 188 540
840 831 935 331 893
622 845 958 627 855
764 966 308 513 489
558 358 458 251 595
850 998 655 717 906
903 261 948 626 992
99 92 26 96 11
3 104 55 52 29
99 71 64 89 62
83 70 59 10 49
93 13 90 31 81
51 64 95 64 63
4 104 98 52 29
53 77 30 15 53
77 61 44 13 85
51 73 12 62 96
567 7 4
1000 919 456 926
999 883 990 944
795 190 915 419
873 175 919 721
879 396 808 787
809 458 452 860
269 901 957 628
1 341 143 900
738 521 267 264
12 48 864 99
240 59 149 464
724 61 334 644
458 71 353 180
241 251 702 357
234 5 8
1000 715 472 684 462 741 664 811
555 829 833 863 833 779 207 194
846 997 858 685 888 938 757 944
456 851 870 661 875 267 653 933
447 107 788 331 696 772 856 794
1 356 360 274 35 733 623 780
25 500 771 174 65 141 205 161
336 655 485 377 128 527 205 24
413 205 323 158 68 124 153 330
416 97 275 96 621 676 114 231
253 10 10
963 986 914 870 838 988 732 898 876 965
965 996 955 994 871 885 883 949 923 863
891 432 970 630 991 946 760 902 745 966
960 920 890 686 898 725 584 993 942 717
684 670 393 935 817 537 643 452 958 577
991 997 593 953 547 602 766 883 767 795
999 786 885 916 283 355 854 967 862 355
994 939 859 984 1000 877 392 984 662 962
998 939 686 986 379 810 879 730 726 779
867 893 953 866 931 941 738 455 774 537
823 261 721 342 572 732 353 873 866 923
758 985 951 803 182 549 875 431 829 433
596 269 965 477 937 675 128 577 635 906
322 469 642 464 94 173 281 988 934 306
215 267 382 852 574 535 110 442 606 435
505 739 399 789 543 554 544 667 664 750
978 132 638 913 182 294 451 779 463 36
938 113 761 969 1000 661 353 182 420 937
536 640 319 896 185 785 871 342 590 15
801 356 562 847 469 935 717 197 619 67
523 8 5
1000 935 500 965 267
911 867 667 216 173
694 923 869 417 564
970 416 574 411 515
916 448 912 990 948
807 971 874 974 673
845 998 938 660 550
576 194 875 758 368
1 769 165 962 243
189 803 14 104 159
357 108 33 27 106
809 79 67 150 378
693 247 452 31 282
512 338 225 533 77
603 760 793 294 300
544 182 213 4 126
263 4 6
584 451 841 897 821 774
547 334 640 386 963 766
787 429 788 871 334 463
846 926 899 698 530 822
15 123 33 33 45 178
136 42 122 194 250 100
175 248 257 1 255 79
184 246 20 79 253 57
913 6 9
1000 953 1000 1000 1000 835 12 830 794
488 1000 901 1000 576 747 557 67 56
737 1000 774 1000 952 129 418 82 295
296 1000 492 1000 290 444 995 940 907
563 1000 123 1000 778 292 235 937 759
923 1000 1000 1000 660 864 714 880 817
1 771 903 1 1 155 7 793 753
473 1 858 1 574 307 326 52 9
708 1 740 1 940 86 192 62 277
267 1 482 1 270 415 216 816 858
536 1 90 1 746 269 201 140 726
879 1 1 1 620 838 692 487 411
356 10 10
753 835 775 933 871 979 557 900 839 357
750 598 944 766 820 671 978 859 995 946
927 893 644 716 707 736 868 752 543 630
984 850 850 731 553 742 245 948 684 903
941 650 989 637 926 694 655 718 801 955
968 893 431 221 938 883 606 142 882 755
705 951 982 913 875 892 864 569 616 618
825 855 566 788 202 844 985 462 965 896
355 512 805 833 848 368 995 594 425 384
989 240 417 324 558 912 910 929 999 736
664 496 620 930 663 970 535 753 557 217
168 133 161 515 338 411 839 76 979 638
911 883 451 498 118 11 242 709 473 125
973 383 497 371 518 467 218 577 336 771
761 580 629 505 371 615 270 351 510 945
934 807 112 43 801 132 593 57 822 379
345 224 694 435 249 363 142 333 474 51
539 822 186 56 193 777 152 120 896 730
19 325 754 764 735 346 818 298 74 10
949 182 375 254 26 765 646 907 95 172
701 9 9
1000 741 1000 1000 1000 701 914 84 395
42 1000 818 1000 308 149 947 507 126
362 1000 861 1000 149 112 945 331 533
414 1000 825 1000 58 158 619 701 382
379 1000 683 1000 227 995 878 592 402
741 1000 1000 1000 1000 309 768 534 522
240 1000 916 1000 526 582 892 708 729
764 1000 957 1000 376 931 183 777 294
166 1000 54 1000 114 799 552 919 776
1 48 691 1 1 408 61 79 360
28 1 784 1 271 104 861 496 108
321 1 829 1 142 110 425 317 532
401 1 804 1 45 156 133 694 359
342 1 647 1 223 957 404 570 380
694 1 1 1 999 302 68 497 478
224 1 871 1 503 551 318 414 686
736 1 918 1 335 920 138 515 294
119 1 23 1 77 786 531 546 319
204 7 10
946 1000 889 398 596 837 884 414 494 639
234 1000 602 916 666 765 631 273 514 343
891 593 627 499 963 969 832 325 268 365
331 629 942 564 403 931 748 405 909 511
399 777 299 258 256 862 583 956 691 895
511 303 698 514 868 582 906 726 840 944
700 804 454 722 617 322 497 300 910 770
46 957 186 136 204 33 49 18 81 102
175 1 165 155 127 57 14 41 18 9
141 19 135 223 337 848 136 16 175 53
104 52 93 60 140 347 185 8 1 98
79 188 130 97 193 531 2 82 8 76
81 95 38 135 42 357 483 124 219 204
66 174 87 109 63 113 129 23 52 663
704 9 6
1000 744 1000 1000 1000 733
87 1000 301 1000 526 671
243 1000 999 1000 596 745
145 1000 833 1000 650 950
469 1000 1000 1000 946 783
520 1000 445 1000 142 789
856 1000 761 1000 285 967
488 1000 227 1000 784 664
686 1000 706 1000 59 694
1 472 694 1 1 190
38 1 259 1 488 619
195 1 999 1 553 535
117 1 825 1 610 430
433 1 1 1 917 700
487 1 427 1 99 626
854 1 743 1 257 442
448 1 221 1 740 163
663 1 669 1 40 19
176 2 8
344 651 991 446 386 586 636 752
382 544 971 632 480 989 284 313
63 20 175 43 27 97 89 90
128 121 12 155 32 2 136 102
343 9 2
1000 728
855 805
751 847
655 921
932 830
878 732
996 780
563 822
851 763
1 528
112 654
15 138
520 664
454 661
793 284
282 268
375 531
590 47
723 2 2
1000 609
202 1000
1 60
83 1
813 6 5
1000 796 654 953 769
981 519 649 661 680
986 512 780 865 929
1000 732 879 541 613
159 600 673 987 879
286 826 952 941 676
1 360 559 231 755
910 126 367 544 480
927 339 282 272 288
414 506 206 425 322
145 231 219 96 112
281 817 16 438 322
31 9 6
1000 930 1000 797 1000 944
663 285 899 518 722 866
788 985 782 367 416 759
374 825 824 469 509 866
455 550 961 486 849 950
724 152 990 470 999 802
308 446 833 259 261 717
650 713 958 559 538 935
1000 923 1000 899 137 529
1 915 1 299 1 896
333 239 453 481 601 287
183 956 276 343 408 695
207 821 655 455 466 190
284 548 653 439 806 721
69 118 731 459 970 556
209 435 416 222 241 656
218 700 569 558 512 193
1 219 1 879 124 305
614 9 10
1000 451 798 844 980 759 938 806 431 692
998 498 614 960 757 786 947 638 543 713
576 433 867 998 814 860 958 235 242 338
991 347 638 886 1000 506 956 309 927 982
982 346 472 740 711 992 889 718 768 683
818 409 919 390 764 704 449 543 979 890
36 544 616 226 735 864 692 621 586 944
742 623 296 451 377 397 857 771 500 938
886 255 569 699 1000 781 440 525 893 986
1 392 312 33 452 708 365 769 423 664
168 180 104 662 723 219 852 102 527 692
368 200 493 397 623 353 321 123 235 330
235 248 474 665 578 153 133 89 73 980
475 198 33 334 340 338 642 332 468 34
86 276 147 89 478 397 101 128 399 304
21 543 582 65 281 641 118 32 288 495
733 621 252 410 197 234 295 337 105 474
849 249 520 660 976 209 338 48 407 728
453 6 6
959 1000 206 389 260 903
56 357 56 733 149 406
664 458 546 506 598 321
562 306 996 841 322 974
945 388 831 986 311 477
98 478 891 985 995 950
3 954 81 105 138 528
6 1 3 637 45 210
224 106 204 423 300 27
195 21 224 250 81 229
216 16 779 522 74 202
48 235 284 55 897 736
699 6 5
924 1000 242 954 1000
844 679 43 105 949
1000 959 599 859 1000
936 330 228 577 372
1000 273 959 991 903
766 749 430 696 865
797 1 66 160 1
473 653 38 104 546
1 92 339 135 1
583 310 186 560 332
1 233 940 949 873
604 29 180 106 239
184 10 10
914 987 683 681 908 792 984 905 913 564
928 917 464 801 304 956 536 781 994 973
769 913 847 752 504 690 271 543 818 978
984 883 850 436 517 609 980 574 315 976
932 951 697 573 633 725 546 658 887 613
697 353 868 982 926 856 430 749 983 989
950 656 854 980 327 712 529 577 996 771
426 776 978 974 592 875 825 905 339 996
233 945 892 799 955 987 369 867 986 450
745 118 913 994 912 990 968 468 873 733
826 940 646 585 261 783 405 652 897 327
320 682 100 697 16 916 331 474 990 896
246 427 151 211 176 585 29 434 715 945
13 843 715 22 93 307 948 324 244 230
878 80 537 386 264 684 541 52 842 312
694 241 595 809 456 339 205 665 554 695
731 256 256 878 84 459 510 122 874 645
320 162 945 968 579 303 751 125 15 799
53 227 123 370 629 103 270 769 553 416
509 87 873 954 881 985 916 200 362 568
82 5 10
1000 57 633 642 157 725 814 603 694 52
64 1000 899 820 464 812 896 196 405 271
341 594 598 797 960 570 374 343 373 174
502 671 614 970 960 380 629 736 874 610
407 563 344 489 995 687 882 894 764 657
1 2 551 135 92 657 334 275 395 1
11 1 225 317 274 625 840 37 209 177
17 452 170 489 472 166 69 278 214 9
331 223 481 657 870 9 314 170 248 392
257 258 246 48 322 601 282 701 479 163
809 8 5
1000 868 471 918 426
828 475 391 971 246
981 551 404 910 604
698 654 877 730 766
849 704 992 497 731
284 919 241 780 590
363 470 642 737 894
305 98 872 990 767
1 376 313 873 426
248 228 231 905 222
134 11 177 233 568
429 185 823 221 194
807 554 875 402 198
256 76 172 98 424
345 108 8 368 430
261 71 104 517 255
248 10 10
692 817 679 729 851 812 941 682 534 975
901 836 762 669 961 805 565 917 695 862
829 742 868 948 1000 901 283 633 846 260
546 434 861 967 739 342 985 955 236 736
914 990 603 298 623 565 957 969 965 555
486 897 668 620 749 889 688 830 480 730
579 601 960 547 754 557 730 840 955 866
710 891 512 963 954 766 129 765 996 959
302 992 835 978 765 708 796 222 969 873
928 217 977 532 829 753 977 994 381 711
94 13 232 472 782 75 92 238 473 947
618 502 534 73 786 444 532 895 65 569
202 65 168 648 890 798 105 504 571 123
253 215 373 605 477 338 462 377 12 696
715 802 496 161 540 126 552 325 504 65
394 414 634 226 496 621 349 423 356 679
570 481 847 397 732 385 533 228 292 846
181 785 88 560 845 439 98 581 397 32
96 988 532 864 579 707 98 58 401 650
910 11 745 303 180 683 682 938 341 625
624 3 10
1000 302 291 197 269 859 186 588 791 570
133 1000 660 824 953 228 427 548 860 702
876 476 56 416 229 917 781 604 982 557
1 78 230 4 53 320 81 270 606 240
64 1 133 530 107 75 70 229 259 404
136 371 1 318 54 407 134 26 262 333
695 10 10
745 922 812 906 505 886 570 831 700 156
598 845 745 840 756 846 674 748 873 938
932 692 892 720 911 882 602 992 860 964
697 666 922 906 526 777 918 926 240 852
746 879 865 958 566 1000 622 955 461 976
843 284 192 982 867 236 321 427 707 931
258 463 624 948 823 656 899 987 947 696
884 999 990 970 479 485 642 726 846 795
600 316 606 478 180 587 790 567 452 751
983 605 834 716 919 667 972 701 421 548
17 423 642 78 46 853 405 645 273 153
113 265 677 581 691 810 467 729 640 573
928 23 125 254 94 753 296 448 339 938
516 179 543 793 417 655 494 380 47 713
744 590 660 341 417 500 473 617 288 124
478 105 159 346 821 49 144 307 379 43
173 78 571 707 307 431 569 903 910 472
843 998 862 911 103 386 152 188 591 39
46 244 319 364 14 311 706 195 316 151
761 44 357 376 790 177 951 636 270 480
