100
3 8
5 6 9 4 8 2 1 7
3 1
2
3 10
2 4 8 16 32 64 100 100 100 100
3 10
1 4 4 4 4 4 4 4 4 4
100 1
100
3 5
11 20 60 22 100
2 10
100 100 100 100 100 100 100 100 100 100
3 5
100 100 100 100 100
3 4
1 6 12 49
2 6
9 64 19 16 81 80
1 10
100 100 100 100 100 100 100 100 100 100
1 10
1 1 1 1 1 1 1 1 1 1
17 1
63
23 8
1 23 89 2 1 24 2 4
1 4
58 7 52 84
2 8
9 70 3 20 1 57 76 2
21 5
97 65 50 12 2
11 3
31 6 14
2 2
13 34
2 9
1 4 36 9 71 96 33 11 16
12 9
24 5 1 8 53 57 3 95 29
8 4
10 61 9 64
10 1
47
1 3
19 25 14
15 1
2
13 9
27 50 60 20 14 51 14 78 19
16 8
1 45 32 82 1 35 54 14
6 5
51 11 60 1 54
8 6
4 1 97 11 15 22
5 4
17 22 7 25
7 5
77 99 5 40 17
16 2
22 99
6 5
49 86 91 8 51
4 9
4 35 42 3 85 36 17 63 98
6 6
40 11 1 1 12 54
12 6
71 30 6 55 94 17
2 7
1 72 10 14 24 46 18
20 2
1 58
15 8
73 3 67 1 31 4 31 20
4 6
97 22 38 12 53 90
15 2
32 20
22 3
40 85 4
22 7
51 97 1 19 67 13 40
8 5
2 34 54 76 1
3 9
5 50 53 65 8 91 6 73 2
1 3
23 77 67
20 3
64 7 7
1 6
13 49 8 65 99 61
13 4
7 78 54 33
12 9
2 87 59 73 48 31 1 6 47
8 2
1 4
15 4
73 1 39 91
4 3
14 66 28
5 8
37 19 10 5 3 5 50 37
16 6
19 10 19 1 2 19
1 5
11 65 27 84 78
1 5
38 55 1 5 81
2 8
1 66 52 37 1 36 28 25
3 9
1 28 10 57 59 93 6 1 56
13 1
2
20 5
62 1 72 7 85
11 3
9 37 98
7 7
12 4 14 4 30 83 20
11 8
68 95 45 2 98 27 6 72
2 2
39 32
9 8
7 12 39 6 56 8 57 9
6 2
19 36
10 1
62
3 6
5 9 30 1 88 54
7 5
18 55 35 24 13
21 1
2
7 3
13 27 3
22 4
37 38 45 3
2 1
5
11 3
1 6 4
1 4
61 32 6 32
11 4
26 1 50 24
1 8
2 65 99 51 41 1 67 1
2 2
31 4
8 6
2 1 50 41 73 88
2 7
49 10 26 9 5 2 3
5 5
8 11 5 15 51
1 2
25 3
1 6
1 38 8 96 5 66
10 8
4 1 37 25 42 3 1 33
3 8
50 75 26 59 76 81 2 1
3 9
4 55 82 1 41 35 55 84 26
8 3
10 8 55
8 2
74 19
3 5
65 4 36 4 7
12 8
19 47 3 49 47 4 4 86
9 1
85
22 2
75 20
7 6
7 16 4 25 25 1
14 9
37 35 39 99 75 26 1 15 21
12 9
1 77 87 77 69 13 19 8 14
3 2
43 11
9 2
59 69
18 5
98 48 41 7 26
2 7
89 62 9 31 63 69 2
