100
3 8
5 6 9 4 8 2 1 7
3 1
2
3 10
2 4 8 16 32 64 100 100 100 100
3 10
1 4 4 4 4 4 4 4 4 4
100 1
100
3 5
11 20 60 22 100
2 10
100 100 100 100 100 100 100 100 100 100
3 5
100 100 100 100 100
3 4
1 6 12 49
2 6
9 64 19 16 81 80
1 10
100 100 100 100 100 100 100 100 100 100
1 10
1 1 1 1 1 1 1 1 1 1
1 2
4 14
23 1
19
1 9
10 89 82 7 17 52 33 89 98
2 9
29 1 1 43 26 4 13 51 3
1 8
13 48 8 59 47 11 1 10
6 5
12 1 10 84 66
12 4
1 7 1 7
16 7
29 3 3 88 12 8 22
11 1
12
1 3
3 86 47
21 1
41
10 8
21 28 1 70 1 32 6 56
4 4
25 31 1 34
1 8
1 32 19 80 8 30 24 36
11 3
6 1 23
21 2
25 39
19 5
2 78 76 69 76
1 9
44 7 4 16 34 11 59 58 1
13 9
66 6 93 75 41 4 11 9 6
7 7
12 21 1 2 10 46 22
6 3
1 44 99
24 8
16 2 76 29 1 99 3 5
6 7
75 80 2 14 1 33 1
19 6
22 1 32 57 30 77
1 4
91 38 26 17
8 5
24 2 6 81 53
8 4
22 26 33 3
13 7
16 37 93 76 45 1 60
2 8
24 45 98 62 10 62 81 3
1 8
37 6 55 75 9 42 75 25
8 9
23 59 30 11 77 5 23 2 87
21 6
11 15 60 67 7 97
14 1
12
12 9
38 6 11 28 47 48 1 61 94
2 9
7 82 74 49 3 4 11 1 42
14 2
96 55
9 4
10 1 91 26
1 4
77 42 90 27
1 7
8 25 41 2 32 25 84
1 3
2 7 15
25 6
28 93 12 30 16 63
8 1
17
19 8
3 14 60 3 92 76 17 1
9 7
14 78 2 75 24 14 59
22 8
16 64 8 5 19 5 9 19
3 1
99
12 4
74 61 49 16
6 5
12 33 75 38 31
7 8
11 5 44 7 90 1 49 2
13 6
30 26 1 1 68 29
2 5
41 82 48 68 14
1 6
55 8 64 50 21 99
6 7
8 20 68 1 14 24 61
24 8
5 4 85 22 77 29 2 2
6 5
7 72 40 50 14
11 6
62 6 92 57 32 21
20 1
85
15 7
34 93 16 26 49 59 21
1 8
70 93 84 60 58 9 61 21
6 8
22 86 23 8 40 86 96 1
2 1
1
7 8
3 8 71 1 74 15 2 1
1 5
47 68 33 7 1
21 4
39 1 57 23
6 7
91 40 8 2 10 11 1
2 4
44 2 2 12
1 7
26 22 23 40 1 44 13
19 1
81
8 2
5 5
18 8
57 75 20 1 18 7 34 99
16 8
1 5 29 3 5 84 3 10
4 9
20 4 14 59 96 1 65 16 28
19 8
76 84 82 4 4 22 85 21
1 6
3 70 45 57 96 30
1 9
19 5 16 3 16 2 1 10 2
12 7
6 16 13 6 2 21 7
5 6
71 4 1 66 30 47
22 1
88
5 6
9 20 3 10 1 55
11 9
59 68 68 23 84 33 1 75 16
23 2
53 53
23 3
42 65 47
21 4
17 2 8 33
19 5
1 31 28 97 52
17 6
45 3 92 48 79 12
24 6
47 12 68 70 79 20
14 1
1
1 6
51 17 71 28 74 92
