10000
1 24
5 14
5 59
2 11
4 89
5 15
5 16
7 51
9 56
5 84
7 27
9 89
6 46
8 39
9 84
6 48
10 48
2 66
4 77
7 19
5 46
9 5
8 70
3 68
4 39
5 45
8 48
3 72
6 18
6 55
7 41
4 69
9 77
8 29
3 6
7 50
6 38
6 92
6 14
6 74
7 37
1 47
10 24
3 37
8 6
2 59
2 27
1 20
6 73
3 77
2 47
4 92
2 31
4 7
2 59
3 42
4 10
9 8
4 92
1 55
4 48
2 64
9 30
10 72
6 64
8 100
10 30
2 5
4 75
3 18
1 29
8 48
4 19
7 84
10 32
10 42
4 38
2 13
3 25
6 69
3 91
4 87
6 30
4 33
3 44
7 23
3 16
10 29
6 15
2 8
10 20
9 85
1 67
5 74
1 50
8 3
2 75
6 98
8 85
8 26
6 79
9 59
3 32
9 94
5 50
9 71
9 99
9 64
2 35
8 35
4 40
8 35
10 19
6 36
3 31
8 96
7 89
8 16
6 95
6 70
9 40
5 8
5 51
2 49
10 19
8 63
5 14
3 44
4 7
4 41
1 42
5 85
4 42
3 11
2 78
1 31
2 44
6 62
5 51
8 34
3 96
4 59
2 39
9 36
8 42
8 84
10 1
7 60
1 76
8 94
3 95
3 10
9 93
1 8
2 69
9 8
6 68
7 32
7 35
8 80
6 48
2 27
3 37
3 15
2 13
8 38
4 57
3 75
6 73
3 50
3 13
5 48
5 92
5 59
2 90
4 10
7 29
8 93
9 84
8 72
1 46
1 94
7 47
8 22
5 72
5 18
9 75
9 26
3 62
1 55
8 38
5 65
9 8
2 54
1 45
1 69
10 25
9 9
1 0
5 33
2 9
9 99
2 25
9 29
5 67
4 43
10 1
5 45
7 74
8 79
7 99
10 64
4 90
8 96
6 51
2 32
4 83
5 37
7 78
9 50
1 93
6 51
9 15
4 31
2 59
5 64
4 14
3 74
9 54
1 64
5 23
9 50
5 83
6 64
6 47
1 34
4 79
10 66
7 55
9 98
7 24
4 1
3 83
5 33
5 83
10 61
9 80
3 55
8 49
1 41
3 62
9 10
1 26
9 100
8 77
9 61
10 25
7 50
2 59
10 65
4 47
1 19
1 68
7 42
2 47
8 68
3 7
6 19
2 87
4 36
8 73
7 92
1 46
2 84
6 88
2 70
3 50
9 57
5 42
8 90
6 51
10 78
9 61
3 28
9 90
7 10
10 27
8 86
1 60
4 92
4 24
4 12
4 59
10 78
6 50
4 29
8 86
7 70
8 55
4 68
3 63
2 29
1 24
1 27
2 60
6 73
2 13
7 15
2 29
5 57
8 29
4 40
2 97
5 13
2 8
9 16
8 18
6 69
9 19
2 62
1 13
10 98
7 9
6 28
9 21
1 77
6 79
6 8
10 8
2 97
2 86
2 13
2 100
1 5
1 57
1 72
5 53
4 33
10 12
3 22
5 25
4 15
10 78
10 45
6 39
8 3
9 86
5 48
10 70
9 80
7 27
4 1
8 37
6 18
8 69
8 31
3 50
9 29
7 21
3 49
3 81
6 5
10 52
3 90
9 41
10 5
4 75
3 100
4 30
7 5
2 3
4 41
4 96
4 14
7 10
4 88
3 69
8 16
6 49
7 100
9 75
2 77
5 28
10 17
9 15
3 29
10 65
6 9
6 21
8 19
6 16
9 76
3 88
1 34
3 63
2 64
1 64
4 86
3 88
1 55
4 88
8 70
6 40
4 44
1 63
3 25
6 4
2 45
9 50
4 8
4 10
7 65
9 41
8 98
5 58
4 69
3 36
8 99
7 94
2 24
2 59
1 31
9 51
6 22
5 90
2 59
6 26
5 46
1 22
10 94
8 35
2 68
1 34
1 30
7 5
4 0
1 71
1 3
4 15
1 92
10 22
3 59
10 47
4 77
10 46
10 68
3 60
4 51
4 39
2 35
1 68
6 68
3 88
9 60
6 32
2 81
4 75
2 20
4 5
2 4
4 99
1 26
7 64
1 82
8 63
9 31
8 10
10 56
7 63
5 1
10 60
3 8
6 60
7 29
4 76
2 10
1 61
8 60
5 27
9 27
9 11
3 63
8 72
3 5
4 88
4 81
7 27
10 97
10 47
7 12
2 50
2 95
10 0
4 83
2 25
8 83
8 42
4 83
5 52
6 41
8 11
1 65
9 84
5 35
10 59
1 80
10 63
5 3
8 77
8 26
9 54
5 48
2 48
9 34
5 24
3 55
5 59
10 96
6 16
10 43
9 49
3 4
7 14
4 51
9 61
4 47
2 81
6 99
2 52
8 2
9 58
4 34
1 8
2 93
10 64
10 54
6 38
1 50
3 45
8 50
8 2
1 39
5 1
3 68
8 37
8 8
5 38
2 72
9 77
5 92
8 43
9 27
4 52
2 58
7 35
7 2
4 88
8 50
4 76
1 92
1 16
2 88
5 46
5 72
1 89
10 45
4 19
1 5
9 4
5 94
3 0
7 19
5 94
6 25
6 73
5 71
10 40
10 16
3 94
9 56
10 96
1 97
10 61
1 97
10 0
6 42
5 75
2 56
7 75
8 49
10 91
3 55
2 13
1 80
8 86
7 48
9 65
10 35
10 48
5 70
9 83
7 100
5 58
2 76
3 39
8 28
4 89
8 89
7 53
1 18
1 67
7 71
8 16
5 65
6 42
1 19
3 26
6 14
9 43
10 4
10 10
6 63
5 75
8 89
1 18
6 70
5 49
7 60
2 89
9 87
4 19
6 18
2 26
1 39
2 42
4 61
10 56
2 13
5 13
7 29
10 69
9 11
9 34
1 15
1 96
2 40
5 57
9 90
4 98
6 25
3 81
9 36
7 88
3 28
7 98
9 42
7 42
7 50
3 44
5 78
2 92
2 71
3 36
7 92
4 17
2 95
4 73
2 46
4 97
4 1
2 0
6 12
8 85
5 88
1 74
7 35
3 83
7 67
2 30
2 35
7 67
7 87
8 84
9 86
6 100
10 61
6 86
7 26
2 63
10 83
3 86
10 62
10 100
6 19
8 36
1 86
7 100
1 66
10 93
5 61
3 41
7 93
3 41
8 42
9 99
7 74
1 39
2 72
4 77
7 1
7 59
8 48
7 66
10 61
9 8
2 59
8 97
10 65
2 83
7 25
8 72
8 96
8 34
1 53
7 8
8 34
8 55
10 70
6 15
1 96
2 45
3 93
4 80
1 72
5 50
1 44
7 67
2 4
1 8
7 71
4 23
4 74
9 3
10 36
4 6
1 40
10 71
7 78
6 74
6 85
4 84
3 2
7 25
4 66
3 87
10 1
5 72
2 58
5 91
3 49
6 17
6 54
1 48
6 36
6 65
6 11
2 6
6 16
9 19
5 27
1 14
8 77
3 32
2 22
3 79
9 71
5 65
9 7
4 94
10 16
2 43
9 60
5 12
1 84
7 98
9 82
9 0
8 39
4 52
1 42
4 92
1 4
10 16
7 2
10 3
4 59
6 57
5 32
3 29
6 62
3 60
10 40
9 4
4 62
10 63
10 26
7 51
4 82
9 58
10 47
8 79
2 61
6 12
8 60
4 90
3 83
4 3
1 89
2 29
6 60
10 60
1 83
4 98
6 37
5 90
5 2
9 83
10 36
8 70
1 2
5 65
10 21
1 31
7 68
10 25
2 81
3 83
10 40
5 67
9 89
2 28
10 96
7 37
5 99
5 53
9 59
1 2
4 48
2 65
2 68
5 29
6 75
8 80
4 18
6 13
10 50
4 83
5 17
6 40
10 12
8 49
4 60
2 14
9 33
9 2
5 60
7 9
5 63
1 4
3 71
2 37
8 57
8 7
10 47
2 15
7 10
1 74
4 22
3 83
4 77
2 20
6 46
2 62
8 86
3 77
10 58
8 27
8 10
9 51
2 32
6 43
4 73
9 69
3 54
3 44
3 0
6 1
2 96
4 78
5 43
4 93
1 85
4 47
10 59
3 45
10 64
1 84
9 3
9 87
6 71
7 45
3 38
9 78
1 25
4 18
8 2
10 13
7 63
7 23
6 21
7 39
8 34
9 90
1 37
10 71
6 38
2 16
6 99
5 7
2 14
5 29
9 92
1 79
3 94
6 53
2 83
1 94
2 21
10 52
3 11
2 29
6 3
1 17
8 72
8 28
1 69
6 42
8 2
4 10
4 82
4 15
10 2
9 84
2 39
8 72
6 40
10 69
3 52
3 6
10 81
10 79
3 43
4 2
8 66
6 7
8 54
2 57
9 52
9 60
2 36
10 7
10 25
7 18
5 56
1 0
1 29
6 65
10 43
1 23
4 24
10 46
6 45
2 23
6 89
10 49
5 21
1 84
8 72
6 46
6 49
9 61
10 4
2 58
5 84
10 33
10 44
10 39
7 63
3 80
8 13
2 31
7 15
3 26
6 78
5 45
7 29
6 97
6 54
3 84
9 97
8 59
4 38
2 91
8 43
5 89
8 15
10 12
4 100
4 61
10 63
1 65
2 51
2 60
1 38
7 46
10 17
5 20
9 77
6 94
9 47
5 96
5 34
7 100
1 88
5 12
7 67
6 74
3 27
3 2
4 16
5 50
8 14
10 49
8 22
10 27
4 23
1 36
6 10
10 17
3 43
4 1
5 47
3 48
10 5
2 55
5 31
10 90
5 68
4 22
5 1
7 30
8 92
2 54
4 25
1 56
5 18
2 26
7 26
5 79
5 72
1 70
3 29
5 96
10 37
9 0
6 25
3 75
6 70
2 27
4 99
2 50
4 85
3 66
10 10
5 26
1 25
3 73
1 32
9 39
8 47
3 0
8 66
5 72
4 6
9 12
3 54
2 74
5 31
9 14
3 57
9 75
6 71
7 8
3 86
1 14
9 56
4 0
5 71
1 37
5 10
6 16
9 32
2 60
2 60
1 100
7 63
5 67
10 39
7 99
2 44
5 42
2 16
3 95
1 75
6 61
10 78
9 6
8 11
4 12
1 54
9 20
6 3
7 10
7 52
10 53
1 98
7 43
7 47
2 51
6 85
10 18
9 0
9 19
9 99
3 76
10 43
9 6
5 71
1 74
10 33
1 14
4 88
1 45
4 2
1 27
1 31
5 83
2 9
10 30
3 86
7 33
2 82
1 73
10 41
5 48
9 54
6 88
3 17
10 7
9 32
2 4
10 66
6 67
9 54
5 77
5 55
10 44
2 47
3 52
9 12
3 51
6 65
7 93
4 83
7 56
2 67
4 88
5 87
9 55
5 5
8 60
10 22
1 65
8 68
10 38
9 28
1 100
4 84
3 52
3 30
2 38
5 21
6 91
5 81
8 47
6 20
5 20
10 44
4 53
2 26
5 93
10 95
1 86
4 62
6 57
3 43
4 92
4 17
6 45
1 35
7 31
8 36
1 26
7 31
5 66
2 94
7 56
5 32
6 63
5 12
8 51
1 60
7 41
10 1
4 54
5 49
5 93
3 83
6 23
1 2
7 72
2 74
4 3
7 70
8 46
5 15
2 63
10 53
3 46
4 79
6 41
2 71
5 97
10 48
9 16
8 71
4 96
4 12
10 45
6 44
4 65
8 3
4 9
4 44
5 88
8 41
9 56
5 6
7 30
6 85
1 32
7 42
3 69
9 86
2 96
4 45
2 64
5 90
8 51
3 86
8 82
4 30
3 60
6 85
8 9
3 37
5 67
8 20
6 77
9 82
1 5
7 64
1 65
10 7
7 22
3 36
6 23
3 44
6 38
6 0
7 11
4 48
6 55
1 71
9 17
10 34
7 87
10 92
6 26
4 47
2 59
10 88
8 58
10 13
4 60
2 63
10 95
5 94
8 90
10 55
10 85
10 96
5 31
8 73
10 47
7 15
6 0
1 21
8 30
2 45
5 38
5 55
8 54
3 80
10 2
5 81
5 18
9 41
4 47
3 10
6 29
1 85
7 40
6 49
5 9
2 95
2 33
10 74
1 42
4 4
7 88
9 9
1 34
8 31
7 75
6 7
7 58
3 4
6 41
9 65
10 18
3 88
9 10
7 27
1 69
1 76
10 45
1 36
8 64
7 66
6 66
1 72
10 62
5 19
8 71
6 48
9 12
7 80
10 58
1 34
1 34
4 43
5 72
2 70
8 72
3 19
9 2
10 90
9 98
3 4
3 49
5 36
3 49
3 29
2 31
9 43
1 70
8 2
10 27
7 96
4 30
3 67
2 2
6 50
3 65
10 50
7 95
10 90
4 11
8 20
10 79
7 96
2 7
9 41
5 28
2 25
7 38
2 85
3 43
7 26
1 69
6 26
3 76
5 46
5 4
10 2
10 73
7 29
7 12
5 82
6 26
10 83
10 48
8 47
9 42
10 19
3 37
10 56
9 94
10 7
7 24
1 65
9 22
3 83
2 9
10 100
6 44
6 73
1 82
1 22
5 9
7 2
6 40
1 44
6 29
7 10
1 53
10 56
1 17
2 53
8 49
2 50
3 91
7 83
5 58
6 52
6 52
8 1
7 45
7 12
2 28
7 79
9 87
2 60
2 55
7 41
7 55
8 60
10 8
10 85
9 13
3 11
4 87
2 78
9 90
6 82
7 66
10 5
10 81
8 17
7 78
1 47
6 78
6 88
8 70
9 96
3 60
8 3
2 10
3 78
9 76
3 31
9 87
4 84
5 74
9 32
1 27
3 49
6 38
1 68
1 50
10 11
8 45
5 18
1 63
10 91
1 24
3 15
7 3
6 77
6 63
3 38
5 11
8 3
2 67
3 0
3 87
2 27
2 0
2 74
7 17
6 63
6 12
5 53
1 74
9 48
10 47
3 61
1 77
9 27
7 70
5 36
2 64
8 89
5 45
3 89
1 47
6 95
6 81
9 98
2 70
4 9
7 56
3 6
8 50
4 36
4 75
9 27
10 39
7 63
9 3
10 15
10 26
10 59
4 21
9 85
2 42
4 65
2 1
8 44
3 61
7 32
3 0
7 44
3 7
2 44
7 60
2 11
10 93
5 12
2 63
1 32
5 63
9 19
5 50
1 70
7 74
7 49
5 96
1 31
8 69
6 38
1 19
2 51
7 16
4 61
9 5
3 86
2 16
7 36
9 61
10 62
3 8
3 29
5 61
1 1
8 69
7 96
6 84
1 62
4 3
2 29
1 53
1 99
3 5
1 96
1 34
2 23
6 41
10 67
1 57
5 47
10 1
8 81
8 21
8 13
2 67
8 27
1 84
6 88
4 29
7 20
6 16
10 98
4 0
2 48
3 32
7 46
7 24
7 1
2 93
10 61
7 62
7 77
10 43
7 31
9 99
2 31
5 73
9 14
9 81
10 34
2 35
8 11
8 31
10 33
8 10
9 12
9 48
3 57
2 35
6 26
2 52
4 76
2 12
3 72
4 54
5 98
7 16
10 37
1 27
3 83
8 63
5 81
1 54
10 73
7 9
10 74
5 38
3 95
1 9
7 79
2 90
5 11
7 30
4 60
7 38
8 91
10 4
2 58
5 32
7 99
8 35
2 27
5 48
9 57
6 98
7 71
2 65
2 26
1 0
5 9
8 15
4 53
8 76
4 2
10 47
10 74
3 11
2 79
7 45
9 79
10 85
3 65
5 89
3 27
10 74
10 53
7 52
8 47
4 72
10 30
1 31
1 55
8 37
7 17
2 45
6 92
2 90
5 18
4 52
2 5
6 43
1 80
7 88
1 79
10 59
4 33
3 30
4 13
6 74
7 16
1 93
6 25
3 88
10 13
2 54
4 54
2 17
2 21
3 20
10 90
10 38
4 37
1 15
8 88
5 0
1 88
2 91
10 84
1 6
9 79
7 73
7 10
4 32
2 8
3 96
5 3
2 80
3 38
8 87
5 46
4 86
9 90
6 76
3 54
1 54
9 38
2 22
5 71
1 29
5 43
2 2
1 78
10 63
1 7
9 17
10 80
10 15
8 69
1 48
2 24
5 77
2 83
3 13
9 53
8 25
10 27
8 10
1 80
4 80
4 81
10 10
8 22
8 76
7 91
3 1
2 78
10 97
4 26
8 23
2 3
10 97
6 54
5 23
4 64
4 18
1 44
10 100
2 55
2 58
4 27
9 50
1 1
1 68
6 73
2 71
5 2
3 96
10 3
1 84
2 58
7 82
6 96
3 60
3 60
3 5
2 6
9 70
8 53
2 18
5 91
1 2
9 27
7 64
3 25
7 57
5 62
9 52
4 90
7 90
9 11
6 65
1 8
10 2
6 91
7 6
2 43
2 71
9 2
2 36
7 90
2 84
3 99
5 64
1 26
2 41
4 22
7 16
7 34
6 24
9 91
4 44
3 95
6 4
3 92
1 30
10 89
5 97
10 28
9 60
7 87
9 49
5 67
5 74
2 82
6 78
9 47
8 52
3 2
10 100
4 83
10 96
7 29
3 3
1 80
10 67
4 0
4 20
5 98
2 76
4 4
8 89
9 75
1 15
5 25
4 77
5 84
10 78
8 91
6 85
5 35
1 39
7 6
2 40
10 81
10 6
7 85
1 13
2 18
8 10
8 25
8 73
3 60
9 86
10 14
7 40
10 96
7 95
7 13
7 96
8 21
1 29
5 21
5 83
7 67
9 44
7 47
1 67
1 99
2 84
6 32
3 9
7 56
7 54
10 2
6 41
5 42
4 76
6 58
1 81
7 11
9 60
7 89
1 1
2 95
6 15
8 28
6 50
3 28
8 19
2 79
10 43
6 80
3 91
3 37
10 88
5 94
4 15
8 8
5 33
1 27
7 26
5 61
6 40
4 71
1 71
6 61
9 81
5 18
7 31
7 17
8 70
8 30
7 23
1 76
10 15
9 30
4 98
8 19
4 67
5 28
8 83
8 90
8 8
3 13
3 1
10 70
4 34
3 34
5 35
10 58
8 50
9 21
7 83
1 81
3 86
5 80
7 40
1 79
3 94
5 82
4 29
1 47
3 82
4 24
8 90
1 34
2 39
3 11
2 11
9 27
6 85
8 100
10 53
10 7
10 62
8 98
3 44
5 80
4 42
8 70
3 62
3 22
7 46
8 75
1 26
2 91
1 4
4 83
5 11
3 47
8 47
5 8
8 16
10 85
4 64
1 52
2 71
2 100
7 95
8 17
3 74
6 28
6 33
3 83
8 39
9 66
1 62
1 83
3 93
5 28
1 29
7 35
9 67
9 69
7 75
3 3
7 46
5 49
6 34
10 77
5 9
6 70
2 51
1 63
8 6
1 15
4 51
2 36
5 83
2 89
1 58
4 82
7 47
2 26
10 38
5 41
9 36
4 5
9 53
1 5
2 52
3 71
8 1
7 32
5 13
7 16
2 48
3 72
10 34
4 66
10 37
2 61
2 79
7 85
5 14
3 100
8 94
5 77
2 48
1 29
10 93
8 12
8 14
2 73
10 20
2 31
2 56
3 16
5 2
1 42
10 1
8 67
5 90
8 61
9 94
8 98
9 6
7 35
6 28
7 3
6 85
10 31
6 95
5 54
6 17
9 56
5 60
9 73
8 13
8 55
9 71
9 79
3 44
9 90
1 30
9 18
2 12
2 46
8 65
7 52
7 27
8 14
4 35
6 38
9 11
5 7
2 73
8 7
9 23
1 23
8 57
10 3
5 34
1 34
3 100
7 36
7 79
8 33
6 18
10 93
8 20
5 18
1 70
3 28
8 28
1 64
6 62
5 88
7 63
7 29
8 51
10 90
9 79
10 97
3 0
7 46
2 66
3 65
5 4
8 96
2 78
4 88
4 88
4 83
4 42
8 9
9 45
2 89
3 60
10 66
10 6
4 39
1 55
3 88
7 95
4 6
6 85
1 1
5 27
5 98
1 8
10 23
6 26
2 84
4 24
3 40
3 40
1 44
10 99
4 50
10 91
2 99
5 60
3 32
8 94
3 44
7 79
8 16
10 78
6 36
3 33
9 31
9 52
3 87
6 5
4 14
2 66
5 25
3 30
10 11
6 23
3 11
5 39
6 72
10 37
10 44
4 46
7 31
3 65
5 27
10 34
6 20
1 99
9 53
7 26
6 27
7 87
1 3
4 1
7 18
5 6
5 82
10 15
7 94
3 68
2 80
3 83
7 83
10 97
9 25
4 81
3 46
4 56
1 21
9 12
4 67
9 59
4 57
3 63
9 48
8 49
6 70
10 26
8 45
10 22
7 70
10 89
10 93
9 71
8 25
8 49
5 20
6 20
10 39
5 0
7 70
10 32
7 98
9 73
8 28
4 78
3 26
1 12
2 24
4 52
9 2
9 7
3 14
2 29
8 55
6 31
6 79
8 14
1 79
10 17
6 20
9 36
7 38
9 92
6 59
7 77
5 20
10 16
5 63
3 19
4 29
7 22
2 17
1 98
8 32
10 5
2 13
4 89
2 53
2 72
2 6
9 53
2 92
1 23
5 67
5 57
1 37
5 74
6 79
6 85
5 63
10 76
10 91
4 14
6 7
5 70
1 72
6 58
9 50
9 70
10 21
5 69
4 0
2 11
10 98
9 11
2 5
10 48
6 13
7 53
7 43
2 50
4 58
10 91
5 46
2 86
5 13
5 95
9 42
8 4
3 32
2 5
4 28
4 26
4 95
1 91
2 93
10 25
10 56
10 89
3 18
7 60
8 30
5 48
1 23
3 56
4 56
3 1
1 3
3 31
3 74
7 11
2 13
7 14
2 85
7 85
1 90
6 14
1 85
8 15
6 50
8 15
2 96
6 55
5 42
9 17
10 12
4 11
2 7
4 68
9 31
5 24
8 61
6 19
8 7
5 39
7 3
3 25
6 31
9 31
1 66
2 75
4 25
10 32
5 43
3 92
4 64
4 52
3 96
5 68
7 27
9 34
7 37
3 3
1 24
6 63
8 81
3 1
9 7
5 65
2 64
4 96
1 62
2 97
4 62
10 8
6 85
2 23
2 86
6 41
1 70
1 11
1 83
6 18
7 38
5 91
1 45
3 30
7 46
8 49
1 96
9 75
8 60
4 71
5 98
9 21
3 15
9 84
2 6
8 3
5 64
7 12
7 75
4 17
9 17
5 36
4 38
10 28
5 34
6 37
4 33
7 36
7 33
4 27
2 62
3 4
5 86
8 4
10 0
5 94
8 49
9 74
9 29
1 52
5 94
6 15
2 79
1 29
1 29
8 54
6 53
10 61
5 84
5 44
6 63
1 85
4 95
3 27
9 51
6 15
7 27
6 51
4 59
2 97
7 37
2 76
7 31
7 85
6 10
4 45
8 30
4 26
3 25
2 46
7 17
7 84
2 10
4 4
9 8
10 54
9 31
4 79
4 8
6 24
8 76
4 35
10 39
10 31
4 0
10 44
5 39
2 42
8 2
8 17
1 67
1 25
4 35
5 35
5 73
8 11
1 65
3 7
10 29
5 12
10 99
6 67
4 56
2 31
9 2
4 61
4 58
3 24
1 37
10 34
9 92
1 74
10 4
8 17
3 49
4 73
7 35
3 23
4 83
10 3
4 92
4 85
4 94
3 6
5 82
10 51
10 8
7 30
5 64
7 15
8 83
1 29
4 12
7 73
6 79
1 46
5 4
7 93
3 31
5 77
10 70
4 67
7 94
1 81
2 59
5 45
8 64
6 81
6 14
9 45
4 16
1 38
3 74
5 69
3 70
8 8
9 33
10 93
9 77
3 6
4 25
4 8
1 78
2 67
7 37
4 55
5 31
4 9
9 7
4 41
5 48
4 67
6 23
1 37
3 1
9 57
3 52
5 69
6 13
7 32
4 79
8 11
2 51
1 2
2 88
9 43
8 17
6 17
9 36
7 38
5 85
4 79
4 77
9 81
5 36
7 62
4 1
3 40
7 55
10 31
4 71
2 48
6 65
10 89
8 21
2 98
3 92
5 7
7 96
9 19
6 36
8 3
6 54
4 79
9 88
3 34
2 89
4 17
9 53
1 28
10 32
6 70
2 44
1 95
10 22
4 13
9 66
10 39
9 30
3 94
2 10
4 16
8 74
10 85
4 52
3 88
8 47
5 39
3 10
4 9
10 9
3 82
5 10
5 94
10 15
9 46
5 2
3 48
5 94
4 87
4 49
8 66
10 75
2 99
2 36
3 18
5 70
3 95
9 56
1 25
6 19
10 91
7 10
5 40
6 90
8 88
10 35
8 43
10 100
1 26
3 35
10 36
3 29
5 73
2 6
5 20
2 35
10 40
1 5
10 74
10 19
2 70
5 79
6 55
10 38
6 23
7 65
6 94
6 61
8 65
2 47
10 58
6 67
4 50
5 33
2 91
2 79
10 92
10 55
2 20
8 39
7 62
2 94
3 4
2 72
10 26
5 98
6 78
6 94
9 16
4 99
10 85
2 57
9 59
3 60
6 0
10 70
8 35
2 39
3 45
9 76
4 22
9 18
3 46
4 91
5 34
4 52
3 18
7 46
6 27
10 23
5 39
4 25
10 47
2 14
6 19
3 13
10 7
10 8
9 10
9 93
7 66
7 68
10 29
8 90
9 86
2 30
8 1
9 64
4 78
4 45
1 75
4 54
6 53
2 87
8 46
7 0
7 71
7 57
2 81
3 91
3 78
8 89
3 54
5 72
2 62
9 93
9 100
3 0
10 33
2 94
3 77
10 0
1 83
3 77
8 14
8 39
8 56
9 45
4 32
7 83
10 30
5 44
8 4
3 96
9 28
7 37
3 5
10 90
6 16
6 37
5 39
1 35
7 56
6 19
9 18
8 34
4 98
7 59
2 56
10 2
2 33
3 27
9 27
6 43
7 9
1 66
10 29
4 45
2 46
4 22
8 41
9 29
8 57
7 20
6 41
7 12
3 81
3 88
6 49
1 8
9 43
8 23
1 92
2 92
6 22
8 17
8 49
1 23
3 44
4 27
1 75
7 82
7 94
7 64
8 52
7 80
4 21
3 51
2 2
2 39
9 25
9 22
9 32
8 23
1 65
4 62
2 39
8 78
1 95
6 6
2 5
1 17
9 43
10 94
5 63
3 62
5 31
3 11
2 93
4 91
6 67
4 8
9 97
1 32
9 57
1 34
5 37
7 28
1 13
2 76
9 75
6 9
10 3
4 38
3 33
7 5
5 28
8 9
4 2
1 36
8 19
1 47
1 40
8 95
6 95
6 72
3 92
5 64
3 67
7 41
2 31
2 85
8 74
7 43
7 32
8 45
1 85
9 8
4 97
7 59
9 52
3 10
1 86
1 47
10 89
4 74
10 98
9 44
3 6
10 86
8 76
4 82
8 17
8 4
8 66
8 59
6 20
6 60
9 30
7 38
8 10
7 9
8 38
10 37
8 3
2 5
9 61
7 64
4 79
3 7
2 33
3 27
2 79
2 25
7 84
4 67
3 48
8 93
4 36
5 45
6 52
1 35
8 34
4 100
8 83
3 74
10 6
1 25
8 9
5 68
5 81
3 92
1 11
2 96
8 73
3 14
4 20
8 84
3 47
5 27
8 99
3 58
7 1
3 40
9 81
3 20
6 72
10 53
5 12
1 64
9 32
6 100
7 12
6 8
1 55
5 45
6 76
6 21
2 53
2 82
3 30
9 34
1 5
9 79
9 91
2 52
10 33
2 55
10 57
4 13
8 13
4 26
3 68
4 21
2 16
6 24
6 77
10 46
4 11
4 53
4 71
7 52
5 64
2 50
2 98
2 68
9 33
1 30
1 2
5 22
9 81
5 2
6 40
6 73
3 26
4 52
9 23
4 47
7 24
4 55
7 70
2 25
6 79
1 50
3 6
9 47
8 95
8 98
3 33
6 90
4 62
6 67
7 81
8 64
5 67
9 7
6 46
6 75
6 40
3 52
8 69
9 83
2 65
10 57
6 51
6 85
7 34
6 79
5 5
5 91
3 39
6 11
2 38
3 8
7 29
5 83
5 94
5 28
10 33
7 30
4 32
8 40
9 39
9 99
9 98
8 10
7 57
2 31
8 39
5 11
5 60
4 51
9 18
2 54
3 16
2 96
4 92
10 25
10 46
2 74
3 89
4 96
2 33
3 48
1 45
7 92
2 22
2 28
3 41
2 72
9 15
8 19
5 22
6 50
8 47
1 6
3 74
2 10
10 48
5 48
9 60
7 41
5 14
5 96
8 15
1 14
6 77
8 13
8 84
5 41
4 94
8 56
5 34
3 28
2 96
2 71
8 8
4 94
3 71
1 65
6 7
4 89
5 49
10 86
1 51
7 89
7 57
8 81
3 75
5 23
1 16
5 71
4 60
4 92
5 92
7 87
9 37
4 73
4 82
3 31
10 64
9 3
9 21
8 65
2 79
10 31
4 97
5 35
2 78
1 54
1 15
6 33
7 48
6 87
9 27
2 25
3 99
5 50
1 66
2 29
1 52
2 39
5 13
10 10
2 87
6 8
8 32
5 32
10 35
10 95
6 1
10 87
6 67
10 27
9 13
6 93
8 42
2 2
9 5
7 35
2 27
7 81
4 48
3 0
8 68
1 62
6 75
10 76
1 100
1 46
2 32
8 5
3 83
8 84
8 71
4 72
4 83
8 56
10 2
6 76
5 3
7 58
2 80
5 53
9 19
4 38
7 60
10 74
5 2
5 31
6 56
1 80
4 36
9 18
4 31
3 25
3 12
8 18
9 53
5 46
8 70
7 38
5 98
3 0
9 42
1 56
3 29
8 1
5 49
9 65
4 44
8 63
8 2
9 82
1 59
10 96
4 79
8 35
1 13
4 41
5 35
4 17
2 51
7 45
7 86
10 38
1 51
9 55
5 43
3 5
5 9
1 49
10 93
8 94
5 86
3 4
2 100
2 96
10 99
1 49
4 54
10 64
10 44
9 33
8 85
10 88
3 33
9 25
4 97
4 64
7 40
1 5
5 33
3 21
4 54
3 42
1 37
5 52
8 40
5 74
1 53
6 89
6 53
7 77
4 11
7 42
3 15
7 75
5 58
4 100
7 10
5 97
1 44
10 9
3 45
5 52
9 3
5 30
7 17
9 51
10 22
1 35
8 65
7 9
5 51
7 70
4 75
3 8
2 60
9 86
1 47
9 0
8 18
8 25
5 96
9 67
8 38
9 53
5 24
6 99
5 8
2 3
7 95
2 86
6 83
6 100
5 22
9 86
9 90
10 18
2 21
9 98
3 77
8 43
6 97
9 55
4 95
8 62
6 59
5 34
8 89
10 8
7 85
5 51
8 14
10 4
1 85
2 27
3 23
6 96
5 27
4 18
7 96
3 57
4 31
4 24
8 77
3 26
10 90
6 97
3 3
2 99
8 81
2 1
1 16
9 19
10 15
4 51
6 94
5 50
10 83
9 24
4 43
5 78
10 7
8 50
5 72
7 41
7 6
10 52
2 12
6 3
6 17
9 49
4 36
2 62
10 59
4 44
1 1
5 7
1 51
7 42
3 24
1 6
9 0
2 95
9 62
6 33
9 67
7 71
3 70
2 94
4 99
4 74
5 55
1 68
5 89
4 42
7 95
5 4
3 38
6 12
3 90
1 87
9 95
4 65
2 3
8 56
5 96
8 13
9 92
10 72
5 55
6 32
7 45
10 89
8 64
4 70
9 11
10 20
9 66
9 27
2 83
7 98
1 6
1 63
4 85
9 38
7 29
9 5
1 64
8 55
3 16
6 75
7 65
8 21
10 16
3 99
9 31
9 50
7 74
2 15
9 31
4 74
9 50
10 84
4 71
1 88
9 31
4 39
10 6
2 13
7 59
4 74
7 9
3 19
4 43
3 1
3 79
2 85
2 52
1 72
7 24
7 10
2 6
8 15
7 0
4 36
4 8
9 43
9 91
2 13
2 29
4 53
8 33
4 65
2 24
6 90
1 45
10 4
8 24
9 34
4 66
3 1
10 7
2 51
3 52
10 74
5 62
6 48
4 3
2 71
9 68
9 91
7 45
7 54
7 47
1 25
4 24
1 45
3 48
2 57
7 29
10 73
5 75
7 91
5 51
5 20
5 69
3 74
4 41
9 9
2 47
2 72
8 64
6 27
3 2
4 89
9 87
10 60
10 45
6 100
2 54
6 28
1 33
9 59
4 72
4 46
10 26
9 72
2 32
1 76
3 41
3 12
1 99
8 98
2 34
4 52
10 50
9 22
5 13
3 81
6 66
9 3
6 77
7 33
5 88
1 63
7 36
8 36
9 28
1 6
9 3
2 92
8 79
9 9
2 66
3 61
7 75
3 77
7 9
6 16
7 19
7 53
4 43
7 66
10 97
6 81
1 57
1 76
1 73
4 70
6 62
3 97
7 9
3 76
3 89
4 78
9 39
9 80
9 25
10 45
9 35
5 19
10 23
8 13
9 30
10 86
6 76
8 54
2 80
9 50
1 3
4 53
6 69
7 20
8 0
4 21
4 42
4 18
10 89
4 36
9 100
4 43
1 70
1 31
10 72
2 28
3 28
1 25
6 36
8 13
3 32
8 23
7 65
1 77
9 85
6 59
8 55
5 29
7 14
2 36
6 80
2 93
9 74
7 33
5 52
10 47
9 63
1 82
10 4
9 10
5 81
1 82
8 21
9 72
6 30
3 99
1 68
1 70
8 89
8 48
8 46
10 67
6 40
4 68
1 71
7 78
5 15
1 9
9 88
8 23
5 65
3 93
6 88
6 34
5 43
2 81
8 46
5 45
6 22
7 84
6 52
4 48
3 59
2 12
6 21
10 7
8 51
7 47
9 3
8 38
8 33
3 35
10 63
3 39
10 2
9 75
10 66
6 67
5 11
8 82
9 32
9 56
8 9
1 26
4 44
7 95
9 25
10 73
1 33
6 81
5 76
10 63
8 90
5 34
9 20
1 3
1 27
10 42
6 35
4 33
6 94
9 32
6 96
2 88
7 41
8 78
3 47
3 54
10 12
4 41
6 22
8 53
6 5
9 78
2 18
9 65
6 22
1 39
7 44
3 31
8 99
10 40
7 25
10 46
3 64
1 71
1 65
2 38
8 72
6 15
1 68
2 21
5 96
6 67
8 46
8 40
9 70
4 3
2 100
4 93
9 47
9 93
5 86
8 29
5 1
2 4
3 87
8 34
2 43
5 49
4 42
2 14
6 95
7 79
6 82
3 22
10 12
5 37
4 9
9 25
6 41
3 16
1 59
2 90
2 99
7 40
5 54
3 35
9 82
1 23
8 57
3 69
2 30
5 32
1 39
1 91
4 86
2 77
1 99
7 71
10 63
4 46
2 43
7 62
9 51
5 39
3 12
5 83
4 100
2 16
1 66
7 49
5 45
2 36
1 22
3 79
8 19
4 27
6 30
5 62
6 58
9 86
8 45
8 35
4 51
2 97
9 69
6 22
4 69
6 71
8 3
8 40
1 52
9 5
10 51
6 41
2 98
8 14
9 5
9 54
7 5
5 8
10 47
1 64
1 86
8 66
1 98
1 46
6 74
4 70
7 36
8 14
5 83
6 41
1 19
3 47
10 68
2 42
7 46
4 76
3 42
5 58
6 28
6 47
4 9
9 9
8 24
9 27
1 97
9 97
7 79
9 76
7 36
4 81
10 55
2 73
9 88
5 17
8 55
2 20
3 11
5 92
10 34
3 48
1 29
9 24
9 23
5 99
5 90
8 84
10 92
7 36
6 21
3 97
5 26
3 51
3 95
4 11
5 63
6 76
1 78
3 77
7 48
6 44
2 29
2 31
4 14
3 34
6 46
6 62
5 92
5 80
10 39
7 61
2 21
1 98
8 17
4 62
5 0
2 63
1 74
3 81
9 87
1 68
7 50
8 75
8 43
9 89
8 68
3 62
3 43
3 78
8 40
7 43
2 70
8 36
7 19
6 11
5 73
5 10
2 28
2 67
4 70
4 77
3 11
8 52
7 6
8 24
6 66
8 10
5 51
3 15
8 92
8 73
6 45
5 24
1 65
3 14
1 85
7 62
10 15
8 71
10 54
3 58
3 9
7 26
4 73
5 93
5 2
3 80
9 50
1 23
6 100
1 54
1 74
9 90
2 88
1 69
10 96
5 97
9 82
1 37
7 76
6 3
3 28
8 45
5 81
10 55
9 95
8 19
2 26
1 87
10 59
2 58
5 2
4 40
10 87
3 22
7 73
8 16
10 63
2 27
5 72
1 44
5 5
9 56
1 92
9 89
9 58
6 38
9 97
9 71
8 0
4 28
3 70
7 7
2 63
10 33
3 27
6 8
3 71
2 50
7 32
9 48
7 33
2 67
7 72
8 17
7 30
7 28
3 100
7 78
2 51
10 76
6 38
10 15
3 11
1 85
5 16
5 54
3 35
10 67
9 48
6 20
6 80
10 71
5 70
2 37
7 18
5 23
6 95
1 96
1 66
10 63
2 10
9 20
8 1
1 66
9 68
9 2
5 85
4 10
6 28
9 60
5 3
4 73
9 86
5 20
1 45
2 89
4 12
10 11
7 12
3 43
1 35
10 38
10 64
4 11
3 11
2 84
9 72
3 78
2 89
6 93
8 91
2 56
8 84
8 68
3 26
8 80
8 68
7 30
7 62
1 47
3 12
6 22
3 34
1 61
9 59
5 66
7 72
8 65
10 69
10 36
2 19
6 89
3 38
8 39
6 34
1 51
10 49
9 97
2 66
3 51
2 69
10 78
1 85
4 52
2 94
6 39
2 6
8 98
4 49
2 26
8 82
8 96
3 1
3 78
6 60
6 45
9 83
5 61
6 67
8 97
9 93
9 87
10 19
8 22
6 74
6 15
3 82
2 71
9 74
7 34
4 63
4 29
5 67
7 96
7 88
10 74
6 93
10 99
9 28
5 99
8 50
8 100
9 69
6 59
8 64
3 49
2 33
2 44
1 16
9 38
8 75
5 68
6 99
5 70
1 3
3 20
2 59
9 7
4 77
9 45
8 30
7 37
10 51
9 41
4 34
5 86
8 27
8 94
6 67
8 50
8 70
5 20
7 94
5 74
10 93
1 1
4 39
6 88
3 79
6 13
9 71
9 14
3 6
3 45
7 43
3 31
10 27
1 94
7 44
8 57
4 77
9 56
5 12
6 98
1 70
7 66
7 70
3 81
1 9
10 5
3 66
5 46
5 47
10 8
3 87
7 82
3 71
8 29
10 100
3 62
9 93
6 73
2 60
6 42
4 4
3 37
6 55
8 3
10 3
8 6
6 99
1 0
9 47
6 37
9 6
8 62
5 10
6 65
8 92
6 70
7 95
7 33
4 86
7 1
5 47
4 41
1 52
6 43
4 27
3 67
9 12
3 48
10 96
8 15
3 26
5 88
10 13
7 82
4 38
5 22
10 10
2 17
10 99
7 5
5 87
1 44
6 71
8 17
9 77
10 79
9 86
9 14
5 78
7 86
2 42
10 36
5 46
6 12
5 67
8 33
5 77
7 17
8 30
7 26
4 0
4 80
3 57
9 1
3 58
6 4
3 86
6 77
10 0
4 92
5 88
2 25
8 7
2 50
3 55
9 84
4 50
10 34
3 82
8 81
4 44
3 23
3 71
1 15
4 4
4 80
4 80
1 28
10 0
3 0
7 37
3 19
10 40
8 71
7 88
6 71
9 20
10 24
2 99
7 7
10 5
8 1
8 97
5 86
7 61
3 19
10 34
2 36
5 58
2 22
5 4
6 74
2 59
6 19
3 25
10 3
6 28
6 75
7 39
8 2
2 40
7 85
6 96
6 51
4 8
8 2
10 93
2 45
4 65
6 90
9 38
1 82
3 73
10 87
10 84
7 59
6 26
4 95
9 90
10 91
10 91
8 75
7 23
2 61
7 50
4 23
2 49
3 18
3 18
4 78
1 68
6 87
5 84
10 67
7 63
2 95
1 54
7 5
3 42
3 34
10 67
2 84
10 3
9 64
2 23
4 17
8 13
8 0
4 42
10 83
7 87
9 67
4 25
3 79
7 53
10 41
3 76
9 55
9 37
9 11
6 81
10 13
6 96
5 0
3 31
8 67
2 71
4 83
8 7
4 14
1 92
3 96
8 36
2 82
9 4
9 87
2 31
2 8
9 96
3 19
6 9
1 15
3 91
10 19
9 40
9 24
10 85
1 75
3 38
7 55
9 76
8 8
7 29
9 96
5 78
3 38
1 35
5 99
2 54
10 50
7 28
4 9
9 100
10 74
7 14
3 63
10 23
7 86
2 89
3 71
8 45
5 8
9 88
10 62
4 52
7 98
3 80
8 39
9 5
8 21
7 56
5 95
5 41
9 95
5 7
7 63
6 49
4 28
7 71
10 49
2 92
8 85
10 18
7 98
7 13
3 18
10 58
3 4
2 9
3 40
5 50
9 49
3 32
9 38
1 57
10 35
2 11
1 24
2 82
6 7
6 65
7 40
5 97
6 79
2 65
9 21
8 75
1 42
5 72
3 22
5 79
1 38
10 72
10 80
6 59
7 46
7 42
10 57
4 99
8 37
10 89
6 8
8 69
5 41
2 35
6 77
3 94
8 50
10 94
9 82
4 74
4 6
10 50
4 71
1 30
7 98
6 0
6 80
4 100
5 11
3 26
1 1
3 54
4 66
2 49
1 56
2 93
8 7
3 2
1 22
3 71
5 55
7 24
9 92
6 73
10 92
5 67
5 83
8 66
6 82
8 9
9 4
6 23
6 91
2 97
1 100
2 53
9 99
9 41
3 79
7 71
5 70
9 87
8 62
3 84
5 43
1 15
5 26
6 1
10 48
1 10
10 58
5 29
7 50
8 79
7 80
10 68
10 83
6 17
3 40
9 11
6 76
4 61
5 77
5 24
10 20
10 8
7 3
1 85
4 33
9 70
1 96
3 47
8 79
8 100
4 24
10 40
5 34
8 89
2 44
3 67
9 21
5 100
8 3
10 0
6 71
1 24
1 23
9 28
8 22
2 87
10 59
9 66
9 11
8 44
2 46
10 88
1 26
5 32
6 76
4 91
1 76
9 72
7 57
8 56
2 88
2 78
8 34
3 25
8 91
4 66
1 95
6 80
3 84
8 8
10 24
5 1
10 28
1 29
6 33
5 79
9 36
8 37
9 67
5 67
10 41
9 97
2 30
10 64
3 67
10 15
1 50
6 56
5 17
3 3
2 7
1 100
3 27
6 86
10 9
10 6
6 100
7 67
7 32
6 61
1 32
3 52
3 80
2 38
1 52
3 73
9 95
4 39
2 76
5 93
2 14
5 41
2 95
10 46
7 81
6 64
5 65
6 97
2 32
5 52
4 46
1 23
2 31
8 95
6 37
7 26
9 10
7 60
4 7
4 81
10 51
8 38
7 31
3 1
7 52
2 17
5 27
10 73
8 0
8 89
9 32
6 61
6 20
10 43
4 14
1 62
2 84
10 2
10 82
8 34
5 0
5 2
8 11
6 11
3 26
2 71
4 57
4 55
9 31
4 27
10 46
3 22
2 63
3 54
5 78
10 46
8 83
3 53
2 98
1 23
5 17
6 15
8 79
6 45
9 79
3 88
5 48
6 28
5 47
6 7
7 78
9 98
1 82
8 80
6 23
9 8
8 8
4 93
7 61
1 60
5 45
9 80
10 100
5 74
2 39
10 81
3 62
1 84
9 39
2 62
7 78
7 94
1 19
7 96
8 33
1 98
1 14
9 34
8 37
7 5
10 24
10 88
2 12
1 1
8 3
2 16
8 6
8 34
9 51
3 30
1 97
4 16
9 52
2 96
8 59
8 23
8 70
2 62
6 26
3 68
6 14
7 89
4 43
6 62
6 71
1 28
3 55
4 73
2 12
4 90
2 4
2 93
3 13
4 58
4 85
6 82
10 1
2 30
1 38
3 62
10 23
7 98
7 67
6 82
3 39
8 67
8 48
10 40
2 10
7 90
1 3
7 89
7 63
9 96
1 67
10 22
2 12
4 32
4 21
5 15
9 51
2 8
7 28
10 85
6 21
7 93
10 38
4 79
3 36
1 33
8 2
6 96
2 75
9 97
10 50
7 71
1 88
8 41
7 75
6 61
1 33
3 71
10 46
1 94
3 23
5 43
2 85
1 19
2 71
6 59
5 72
9 52
10 78
2 51
7 28
7 37
3 81
3 27
10 52
1 18
2 57
8 86
2 60
7 56
4 21
6 10
9 42
8 50
8 48
10 20
2 90
5 74
6 59
6 62
8 13
9 19
9 75
10 72
7 97
3 73
2 48
6 82
6 19
4 62
2 19
5 74
3 52
5 13
10 92
1 70
8 52
6 85
10 86
10 39
2 98
3 72
9 23
6 18
4 5
10 0
9 8
6 2
3 92
2 6
5 58
1 60
4 30
10 48
7 39
3 39
2 13
4 61
1 88
10 15
9 51
2 13
5 51
5 17
10 13
7 45
4 46
2 64
10 81
5 57
7 40
8 91
8 71
5 96
5 32
4 97
1 70
6 97
1 100
3 61
2 54
6 36
4 30
8 100
9 39
8 89
2 63
6 87
5 23
4 57
6 49
9 76
2 94
8 19
3 79
3 24
8 83
3 75
10 73
9 12
3 41
10 10
1 40
7 32
7 27
4 2
5 34
1 36
4 61
8 66
3 61
8 71
5 18
10 55
3 51
2 54
2 31
1 15
8 26
2 94
8 30
8 91
1 71
10 69
3 59
10 50
8 38
4 6
7 33
5 33
10 6
5 47
3 68
2 21
1 33
4 32
3 98
2 71
3 22
1 58
2 78
2 66
10 3
8 90
7 81
2 27
8 98
1 100
6 80
8 21
9 94
1 49
7 57
3 75
10 59
10 72
6 100
5 56
9 49
7 23
1 18
8 40
7 71
3 40
3 76
8 29
10 36
2 49
7 79
5 1
5 58
7 75
5 34
1 50
9 69
9 73
9 19
8 68
6 89
4 28
5 4
1 76
8 19
10 42
6 55
4 58
4 93
6 78
1 3
7 39
5 40
3 35
8 53
2 35
10 34
8 97
3 23
1 2
7 46
2 59
1 82
7 44
9 50
10 27
9 33
6 4
10 48
2 73
9 12
5 99
5 62
9 63
2 66
4 48
1 28
7 77
8 37
7 98
7 3
7 38
9 61
2 71
7 22
7 49
5 18
3 9
10 67
10 57
3 99
4 55
3 16
8 84
7 92
3 41
10 17
6 63
6 50
2 97
2 16
3 93
1 2
8 21
6 33
1 66
8 90
4 61
4 75
3 55
7 28
3 31
4 45
1 31
10 87
2 37
2 88
8 5
4 24
8 79
9 87
1 70
5 37
8 52
7 61
4 59
9 43
8 92
7 60
7 89
4 2
2 81
6 78
3 64
5 5
1 6
6 3
10 70
3 0
10 0
1 55
7 74
4 20
6 42
5 15
6 82
2 58
1 30
6 94
8 3
5 28
4 58
9 76
7 8
3 85
7 90
2 68
3 90
10 53
1 8
8 59
2 6
8 40
2 66
6 72
7 22
8 54
6 13
1 53
2 3
1 47
9 29
7 77
7 96
10 78
8 1
10 2
6 100
8 87
5 17
10 72
8 78
2 67
10 51
3 80
4 63
2 90
6 15
8 99
2 85
4 71
7 8
2 62
7 70
10 54
4 47
10 2
4 4
2 64
10 9
3 44
6 16
10 19
2 56
7 17
6 88
9 1
7 71
3 89
10 92
10 51
2 9
8 69
3 60
9 20
3 27
1 86
5 2
10 6
7 72
10 49
5 2
8 1
7 62
9 65
5 25
2 89
4 31
7 59
8 81
9 96
10 12
10 79
7 78
1 61
9 59
5 20
6 26
5 11
9 2
3 31
8 38
6 20
9 5
5 26
3 7
5 12
7 61
9 45
6 30
3 87
2 56
6 39
1 72
1 54
6 18
8 20
5 0
3 74
2 29
6 15
2 65
8 57
3 10
9 73
3 37
5 31
2 45
5 38
5 25
7 32
5 3
1 21
6 68
10 53
10 78
5 13
3 0
10 49
2 37
6 9
9 30
8 0
7 58
5 46
8 14
1 36
6 53
7 20
4 99
5 60
10 64
3 63
2 83
1 81
6 14
3 38
2 71
2 96
5 98
7 25
5 7
4 22
5 14
9 53
3 27
5 20
8 64
9 38
8 74
2 43
7 72
9 13
5 66
2 29
8 10
2 5
9 100
4 17
8 49
9 95
5 26
4 33
3 38
2 99
9 74
7 26
7 63
4 77
2 9
4 51
8 42
4 14
10 51
4 62
9 97
9 54
1 2
8 36
10 57
10 42
10 88
9 57
5 84
10 96
4 10
2 48
2 99
1 54
1 92
7 27
6 60
9 90
9 91
8 33
4 22
5 26
2 90
6 24
1 60
2 49
8 95
5 18
3 21
3 68
10 65
3 62
4 38
2 95
4 74
10 45
2 57
1 31
4 83
2 63
1 55
1 68
4 24
3 81
4 46
1 73
6 7
9 79
7 71
6 25
9 19
2 100
7 19
7 34
7 42
1 9
7 83
6 69
10 44
1 67
10 70
8 73
5 15
4 71
6 3
10 28
7 66
2 73
3 56
2 8
3 13
5 16
6 61
2 34
7 15
7 58
8 35
6 61
2 33
1 74
3 2
6 25
8 37
4 74
4 28
3 34
7 48
9 16
3 7
7 77
7 42
2 70
9 24
3 88
2 65
1 2
5 50
10 16
7 80
3 22
6 34
7 24
9 43
9 74
4 92
1 93
1 81
2 25
8 9
8 47
4 12
3 13
10 57
10 36
5 9
5 41
6 35
8 50
6 58
7 41
4 43
5 9
5 14
2 9
1 11
5 33
2 80
4 42
5 39
5 92
1 57
9 88
6 49
7 86
4 54
5 49
9 84
6 25
5 69
3 80
8 46
10 97
10 90
9 72
8 15
2 100
10 39
1 25
5 88
4 64
6 57
8 7
3 27
7 16
1 81
7 62
7 90
8 19
8 77
10 88
3 3
2 75
6 89
2 24
10 73
9 69
2 75
3 53
10 97
5 49
6 2
7 70
10 96
10 75
4 30
4 46
10 54
9 54
9 91
4 71
2 46
9 82
7 65
5 91
5 19
1 29
10 24
4 69
2 84
6 12
5 20
2 4
1 62
9 33
2 11
5 79
7 62
4 31
5 0
1 72
1 54
8 47
2 62
4 58
8 29
5 91
4 45
1 79
5 4
10 4
5 75
2 53
3 3
3 41
2 58
2 41
7 17
4 2
9 77
7 61
4 98
7 55
1 54
8 48
9 75
6 100
6 21
10 96
3 91
9 5
4 40
9 23
2 75
3 91
9 90
8 8
8 87
8 66
3 46
3 38
4 50
5 93
7 30
2 73
1 20
1 63
4 51
1 4
3 42
6 52
3 4
2 31
10 40
7 82
3 50
2 82
3 83
3 46
3 38
4 20
6 47
2 3
9 44
8 17
8 77
7 17
8 12
9 12
3 24
4 73
3 52
4 53
4 21
8 24
8 70
10 77
6 65
10 42
6 80
2 92
9 66
9 49
1 84
6 32
8 72
8 31
2 54
5 33
2 64
6 11
9 42
2 28
8 14
2 91
3 77
4 84
7 59
9 77
6 57
3 86
2 98
6 51
3 29
5 95
2 78
7 63
1 52
10 12
7 54
1 17
3 16
4 97
4 56
7 20
6 76
5 48
10 45
9 20
10 100
2 91
6 24
8 21
1 12
6 58
3 96
3 76
1 77
7 77
1 37
4 35
10 86
3 67
4 84
1 28
9 29
3 93
7 80
10 37
9 65
5 9
7 5
2 53
3 75
7 53
10 91
10 53
5 74
9 86
10 41
9 93
1 48
6 62
8 71
3 67
7 8
2 7
10 36
9 11
7 67
1 89
3 21
8 58
8 97
10 57
6 85
2 46
1 61
1 19
9 50
5 36
8 28
5 20
8 80
9 42
4 93
7 19
3 47
10 59
9 100
1 11
8 15
10 24
7 82
8 68
3 67
7 12
9 57
9 67
1 57
9 34
5 92
3 8
10 15
4 55
8 84
8 3
3 80
4 83
4 49
4 53
1 64
6 64
5 58
5 99
4 89
10 24
2 100
2 96
5 15
2 54
3 39
1 58
9 81
4 50
9 19
3 23
7 97
3 67
8 31
4 7
7 30
6 37
3 92
7 46
6 99
2 45
2 74
9 84
9 89
1 3
1 87
4 69
9 45
1 65
9 32
8 95
7 37
4 45
3 6
2 12
1 55
7 33
6 30
9 57
9 100
3 1
6 47
3 73
8 58
2 56
10 60
2 29
2 88
2 13
5 42
3 42
10 71
7 100
2 60
5 31
8 49
5 91
5 73
9 13
8 39
3 35
3 32
7 7
1 37
10 99
4 52
8 33
9 93
5 45
3 72
5 3
4 30
10 49
2 92
8 91
1 91
4 64
3 17
1 63
10 20
5 71
6 79
5 61
4 36
3 47
6 93
7 10
8 66
1 59
7 87
3 82
8 94
7 57
9 67
4 59
8 4
5 34
9 96
6 48
7 46
6 23
10 29
9 43
1 89
5 44
2 46
3 100
1 91
1 33
10 52
1 61
6 67
1 54
6 3
2 77
3 29
3 27
10 13
2 30
7 63
8 12
3 6
1 65
2 53
5 67
3 18
2 81
2 45
8 67
7 41
5 91
8 24
2 15
3 65
9 67
4 10
3 88
10 6
7 52
2 12
3 76
8 3
4 37
3 93
2 35
1 40
1 21
7 25
9 43
7 54
10 79
10 83
7 98
1 82
9 4
9 83
5 77
10 92
6 14
8 46
10 92
4 63
6 26
3 29
4 72
1 66
1 4
4 34
8 62
1 50
1 85
5 65
9 79
6 65
10 94
8 46
7 90
10 8
1 50
9 8
6 62
1 51
4 60
10 55
9 44
10 40
6 85
9 77
5 54
3 92
1 75
7 79
4 59
7 96
4 68
6 55
1 7
6 90
3 3
9 56
6 18
4 18
9 13
3 59
7 30
5 49
3 18
10 100
9 92
6 48
3 85
10 74
10 27
3 60
1 37
9 72
7 75
4 33
10 45
5 97
10 76
2 53
6 70
2 69
4 26
7 40
7 63
10 38
7 95
3 84
8 76
6 72
4 96
1 5
2 7
8 98
9 2
10 77
1 46
9 54
7 70
2 45
6 24
1 2
1 63
4 2
1 77
10 90
2 95
4 54
7 0
1 15
10 77
9 80
2 35
7 91
2 18
1 11
7 84
2 91
10 62
2 23
6 69
4 47
9 89
3 93
3 22
1 31
10 44
5 11
9 34
1 68
1 39
2 23
1 30
8 18
9 5
1 10
4 47
9 90
4 11
6 51
5 61
8 4
9 15
1 0
9 81
4 84
6 30
3 19
2 21
10 14
5 82
4 40
1 38
5 66
1 73
9 33
1 36
5 2
2 35
9 100
8 35
5 57
10 7
2 16
5 11
2 13
7 11
6 72
6 56
7 79
10 94
4 15
1 73
3 66
2 80
5 10
2 92
2 27
8 86
6 1
6 91
1 92
10 41
7 56
7 28
1 62
3 68
8 10
9 1
7 88
9 2
7 99
1 38
5 86
8 87
9 96
10 76
6 46
6 54
2 75
6 8
3 4
4 41
5 93
8 88
8 41
1 18
8 65
7 32
4 81
2 11
4 54
10 69
3 100
8 70
3 93
8 51
5 93
7 63
9 100
1 38
7 5
7 70
4 18
3 5
1 36
9 99
1 55
10 37
8 12
3 39
7 87
8 77
6 3
8 91
10 16
9 53
1 56
4 73
2 11
6 83
7 5
3 16
10 85
3 27
1 33
8 9
4 18
6 71
1 53
2 68
3 47
7 2
1 84
4 68
9 48
6 31
4 87
1 48
6 41
9 67
10 64
2 0
6 15
9 47
1 93
8 25
2 88
6 74
6 92
9 45
10 55
9 72
5 32
6 15
3 63
4 3
3 83
1 46
10 61
3 37
3 94
6 13
8 36
4 57
6 66
6 37
5 23
8 18
6 46
3 40
9 18
1 4
10 66
4 34
10 79
2 18
7 9
6 50
10 80
9 14
9 21
8 46
9 36
5 72
3 98
7 60
9 26
5 28
10 6
1 3
5 10
6 22
1 22
5 88
2 79
5 81
7 39
10 13
7 32
3 76
8 79
3 5
4 95
3 2
1 63
6 73
5 39
5 19
10 96
7 21
1 88
8 42
10 20
9 31
8 63
1 96
4 54
4 50
4 46
3 26
5 87
6 49
2 8
4 74
8 85
4 60
1 85
10 51
6 51
2 8
3 88
9 21
10 84
6 55
4 84
1 84
8 56
4 0
10 12
9 87
4 1
3 5
6 55
8 22
1 97
7 16
3 8
10 66
6 77
9 47
3 100
8 10
1 34
5 76
6 100
2 98
7 95
2 16
9 22
4 81
7 78
1 35
2 60
4 33
9 21
9 74
2 27
10 47
7 89
3 65
7 44
7 72
3 4
2 51
10 79
7 84
10 10
1 3
5 54
7 27
8 33
5 83
4 16
7 78
2 93
9 41
4 91
6 90
10 99
1 71
4 9
6 20
10 37
6 28
3 7
2 86
2 54
10 93
6 88
10 20
8 54
4 0
7 80
10 45
10 63
6 89
9 84
3 47
4 21
7 26
2 9
3 18
10 0
8 29
3 40
1 82
6 19
8 99
10 95
1 25
5 38
9 62
4 41
8 55
6 38
8 0
8 15
4 17
2 74
7 2
4 92
3 78
5 67
6 91
4 64
6 76
4 56
9 18
2 68
1 72
6 22
1 12
5 47
1 34
10 41
3 29
8 55
7 71
8 92
10 19
8 35
8 0
3 81
1 12
8 59
5 58
4 35
9 21
7 34
3 26
4 51
1 19
6 50
1 60
8 54
4 34
10 77
8 18
1 24
1 67
2 28
6 77
3 32
3 57
4 87
8 63
10 82
3 15
5 28
1 2
1 62
3 96
6 5
1 25
7 50
6 73
3 63
1 72
3 47
2 42
1 3
5 41
8 67
1 31
10 74
1 58
1 31
7 99
1 5
8 53
8 50
3 40
6 98
7 40
4 98
4 43
5 50
1 69
1 88
4 60
6 15
6 5
10 36
8 64
10 6
8 44
10 33
8 51
4 23
7 21
1 74
7 18
7 44
4 58
6 35
4 46
9 76
3 58
6 29
10 47
10 53
2 28
8 52
7 80
9 10
2 79
2 90
2 31
3 96
5 29
1 46
7 37
3 57
5 18
3 24
3 82
10 50
5 19
2 17
6 67
8 31
4 30
6 32
4 59
1 25
8 76
4 79
10 35
7 8
5 87
10 34
5 45
3 73
1 89
6 94
7 14
1 28
2 41
5 88
2 3
7 58
5 14
7 82
1 95
5 81
4 63
9 88
6 61
3 6
8 16
5 22
6 74
2 69
3 22
7 41
9 67
8 80
1 64
4 94
10 41
10 37
9 19
1 15
6 23
1 39
2 43
5 98
5 15
9 92
1 55
8 33
4 11
3 35
3 19
4 16
2 89
2 60
4 46
1 30
3 36
9 58
5 53
7 49
8 78
5 16
2 61
8 76
4 61
4 25
1 93
1 95
9 75
2 69
8 52
3 18
5 46
3 52
6 67
3 32
2 0
8 80
10 84
7 30
1 68
7 19
2 13
6 39
6 39
5 47
5 34
4 8
3 19
1 65
5 91
10 72
4 40
10 84
3 23
10 44
8 21
9 33
9 41
10 24
5 89
4 16
4 85
6 4
6 20
8 96
3 36
2 20
2 87
10 54
1 47
2 87
1 77
7 43
7 74
1 18
10 67
7 47
10 34
4 66
5 52
2 6
9 40
9 92
1 42
10 90
10 73
7 2
5 53
3 83
5 12
1 66
10 84
7 83
5 73
7 69
7 24
5 59
7 80
6 92
10 59
10 87
4 30
4 35
2 23
8 34
4 34
5 77
3 90
5 2
10 23
6 81
8 69
3 52
7 13
5 43
10 40
2 5
6 6
6 83
3 64
4 63
9 78
2 1
7 3
3 21
4 6
3 36
7 92
8 69
10 74
6 38
8 54
4 80
9 21
7 48
3 80
10 81
6 15
4 81
1 41
1 17
9 29
6 13
4 79
10 56
3 37
3 26
5 64
3 53
6 28
7 0
9 81
1 0
5 56
10 7
1 59
6 59
8 40
1 91
9 60
4 7
6 59
6 45
2 96
6 37
5 32
5 49
4 30
5 55
7 18
1 73
10 70
4 6
10 100
3 26
1 12
3 92
3 54
7 59
2 21
7 91
5 23
1 97
6 58
10 68
1 92
10 4
8 74
9 62
10 89
1 70
5 10
3 97
5 5
6 98
1 76
8 64
3 19
3 59
10 12
5 12
1 97
7 46
3 67
3 50
4 68
9 29
6 89
8 47
10 18
9 80
1 61
2 67
2 77
5 51
1 15
6 84
7 19
4 43
6 69
6 63
10 97
1 47
9 9
5 22
1 51
7 37
4 78
10 5
1 89
7 83
4 70
5 56
1 74
8 5
8 98
9 96
2 58
6 23
3 79
4 73
1 25
2 58
6 10
9 73
8 4
4 46
1 9
1 8
9 85
3 87
2 15
7 88
2 13
4 40
4 53
9 3
8 16
3 83
5 48
4 27
5 66
7 60
4 58
6 34
5 9
2 97
6 28
9 43
1 80
7 3
4 74
5 73
8 31
3 65
8 78
5 37
4 72
10 94
1 74
3 85
3 30
2 0
9 50
2 51
7 92
8 69
7 15
3 74
3 1
3 16
4 100
2 68
4 71
2 91
5 74
2 100
5 11
10 20
10 34
1 59
6 95
7 7
10 16
5 56
10 80
10 56
9 15
7 50
1 46
7 19
6 32
4 33
10 6
8 30
3 17
1 44
2 14
2 26
2 1
1 55
9 76
4 0
9 29
2 8
3 68
10 71
8 15
10 29
5 100
6 74
1 54
1 67
2 88
2 54
10 9
10 87
3 93
8 30
8 7
9 28
10 32
6 72
8 3
9 4
3 78
8 50
2 45
7 49
4 46
10 93
1 19
4 31
5 48
10 11
10 42
5 41
5 14
10 60
3 18
2 63
5 89
4 30
8 37
1 67
3 13
10 45
6 59
1 73
1 49
2 2
2 78
1 24
6 79
10 78
9 10
9 79
3 94
10 83
5 2
7 36
9 23
2 76
8 5
10 68
8 36
1 22
9 4
5 11
2 25
8 18
1 92
2 70
10 0
6 99
2 32
7 90
6 82
2 70
4 2
10 78
5 24
8 69
7 32
1 21
5 89
7 52
4 8
7 35
2 81
6 68
6 57
7 56
2 57
8 42
9 37
4 8
1 98
1 45
8 84
10 53
5 32
6 18
9 69
4 12
7 44
4 48
5 14
5 48
6 95
8 30
8 94
4 14
3 98
7 28
4 82
4 44
2 39
1 73
9 64
4 94
10 30
10 99
2 93
9 52
8 69
1 95
5 27
9 70
9 99
1 91
9 11
10 9
4 17
1 58
7 66
5 25
1 7
3 20
3 11
7 72
7 36
9 82
1 87
2 77
10 58
7 34
3 36
7 96
6 30
5 94
8 13
2 22
7 81
8 73
6 99
3 63
9 87
10 20
7 18
5 21
10 15
1 63
3 3
3 47
3 20
9 20
10 58
6 54
8 68
8 4
9 83
6 7
10 85
2 31
3 85
8 21
4 19
3 99
4 91
3 59
3 91
2 77
7 32
10 64
8 99
10 55
9 63
1 38
7 10
9 21
1 94
8 92
6 19
2 91
2 70
8 67
1 47
3 12
5 61
3 61
1 48
5 37
8 68
6 81
9 76
8 20
8 73
5 19
6 98
8 39
1 96
2 87
2 61
4 64
8 5
5 25
3 83
1 25
1 78
7 67
2 90
7 72
4 37
9 26
2 82
8 4
7 36
9 29
8 77
6 86
6 91
8 7
8 98
5 17
2 22
4 54
3 78
3 85
10 32
10 49
1 89
9 34
4 24
4 30
4 12
3 89
7 42
9 94
6 19
8 61
2 42
2 28
3 54
3 90
5 81
6 18
10 18
8 64
5 54
5 4
3 25
7 13
8 36
6 26
3 72
2 18
2 19
5 43
4 46
6 95
8 59
1 33
5 63
4 46
10 45
7 44
3 62
5 90
9 50
1 30
3 39
2 64
3 9
6 34
4 79
10 55
2 5
1 5
3 32
1 62
1 9
2 35
8 97
9 71
5 39
7 35
5 25
4 22
7 80
6 81
8 14
9 97
5 17
7 17
3 81
1 27
2 55
2 28
1 35
5 21
6 11
5 96
1 12
1 29
8 41
1 52
1 29
10 79
9 77
2 66
6 78
3 66
5 46
9 35
1 82
2 74
10 9
4 47
3 14
5 47
3 26
5 4
1 75
7 22
2 7
3 33
9 77
7 50
7 11
4 19
7 46
1 54
10 31
4 13
3 22
7 32
3 42
1 30
1 60
5 58
2 46
4 14
2 17
3 28
1 95
9 92
4 52
4 43
4 61
3 38
9 45
9 57
2 51
6 14
3 27
7 76
2 87
6 10
2 80
4 91
7 59
6 50
9 8
7 42
8 14
1 57
4 39
9 36
2 61
3 16
2 93
7 21
5 58
6 58
6 1
5 25
3 96
2 24
6 10
2 93
3 7
6 88
10 68
6 17
6 33
1 26
1 74
8 17
5 5
4 36
6 90
9 48
4 27
5 45
1 1
2 49
4 72
2 78
4 25
8 25
2 82
10 78
7 43
9 44
10 100
8 21
3 98
9 100
1 92
8 37
6 9
8 21
4 94
4 59
2 88
6 79
9 6
7 43
4 26
7 90
9 74
6 68
4 61
3 94
3 66
1 21
4 37
3 47
2 26
1 44
4 59
9 81
1 5
10 39
7 89
8 94
6 79
3 12
1 61
2 83
5 66
7 7
4 46
9 43
2 84
3 70
1 57
4 62
8 54
4 25
10 83
3 12
3 25
5 52
1 65
3 79
9 62
10 40
2 43
4 7
2 89
4 76
1 28
6 86
10 82
4 39
6 45
2 74
1 72
10 65
10 92
1 51
7 15
9 45
2 97
2 53
10 3
5 79
1 54
7 39
6 29
3 24
9 24
4 73
5 65
5 82
5 99
9 94
8 12
8 73
2 49
6 14
10 83
8 22
8 100
5 39
9 46
9 23
8 82
7 71
7 30
6 24
7 87
3 87
2 39
6 88
4 90
5 20
9 100
10 75
6 12
9 64
5 74
8 72
6 0
1 76
8 64
7 6
3 55
5 86
1 0
9 32
6 19
7 47
6 66
3 81
2 83
8 92
4 60
9 59
8 77
6 6
7 50
1 59
2 14
4 95
9 68
3 2
8 95
4 14
7 1
1 79
5 9
5 36
8 70
7 89
6 10
7 60
6 13
7 62
3 20
10 41
1 87
6 81
1 78
9 16
7 70
2 87
7 6
1 83
5 1
5 95
1 53
7 76
4 67
3 41
3 85
7 19
1 72
2 21
6 30
9 56
7 81
7 3
6 55
4 10
3 29
10 3
1 46
8 10
7 99
10 93
4 67
8 4
5 45
10 97
3 97
2 26
7 40
9 71
4 33
9 44
2 15
3 91
6 31
3 43
9 1
5 48
3 2
3 38
8 13
6 76
8 7
5 1
3 37
8 40
9 100
3 26
1 10
6 49
10 23
2 86
7 89
4 57
4 10
2 79
9 81
9 92
1 8
1 98
4 31
5 47
3 0
3 54
6 65
3 16
9 65
3 60
7 15
6 52
2 93
2 76
7 51
6 67
4 96
5 100
3 56
1 2
4 66
3 8
3 95
3 67
9 97
1 43
7 93
3 69
1 28
6 17
3 35
9 90
10 51
10 14
4 47
4 72
1 31
4 35
3 2
8 15
2 84
2 60
9 45
1 42
6 57
3 12
4 65
4 18
1 65
4 25
6 19
3 20
4 70
10 78
6 29
1 5
10 0
9 26
10 86
8 19
9 23
1 24
8 8
4 52
3 95
3 92
4 60
3 83
8 67
3 8
2 10
10 74
10 74
4 76
6 72
2 47
3 33
6 32
7 91
5 24
3 57
5 49
3 96
7 57
2 99
4 40
4 74
9 94
6 96
2 67
7 55
10 75
5 40
7 69
3 89
1 54
10 54
5 25
7 85
2 75
3 55
10 71
9 2
2 42
1 80
5 6
10 43
10 72
5 63
5 51
4 57
5 75
7 72
8 65
7 57
2 81
7 78
5 33
4 62
7 82
10 52
9 63
2 62
8 21
4 21
10 67
4 68
9 84
2 7
8 52
10 78
9 9
1 13
10 73
9 51
7 71
7 21
1 29
5 58
4 58
10 52
1 51
5 31
9 91
1 5
5 86
6 39
4 49
1 25
1 96
9 71
3 34
8 88
6 73
9 91
4 28
8 29
7 79
2 25
10 5
4 91
5 80
10 64
2 75
1 91
5 99
3 58
10 11
6 53
2 96
6 75
2 52
10 71
8 56
5 61
5 77
4 35
7 40
7 37
7 16
8 9
9 84
6 38
8 24
9 37
8 52
10 88
4 43
3 84
2 77
2 83
5 56
5 44
7 83
2 11
4 24
2 76
8 97
6 94
8 95
8 25
1 82
7 53
8 54
8 42
4 92
4 25
6 53
10 15
2 4
5 61
1 0
4 37
5 23
4 79
2 52
1 5
4 83
4 20
9 31
9 81
1 37
10 36
9 22
3 29
2 70
9 63
1 15
4 22
1 98
6 74
9 50
8 39
6 50
10 29
5 3
10 4
6 46
4 51
2 85
10 57
1 69
4 44
6 69
3 83
1 66
9 63
5 43
3 30
10 40
10 26
1 48
10 22
9 90
7 29
3 69
1 76
7 33
2 10
3 12
3 11
5 16
2 77
3 76
4 85
5 68
4 62
7 6
5 40
8 83
8 64
3 98
10 77
9 8
1 40
8 24
4 22
8 29
10 23
5 39
6 89
8 94
5 76
9 100
6 16
4 47
4 98
7 6
2 24
2 80
10 44
3 31
3 65
7 85
1 61
3 49
1 34
3 88
7 62
4 19
2 61
1 24
2 38
6 69
4 1
3 8
3 67
2 46
8 70
7 74
9 32
9 25
7 73
5 92
10 9
10 9
5 27
1 21
4 42
10 79
9 22
5 93
3 11
9 47
7 82
8 84
2 77
2 86
10 94
10 55
8 31
7 96
4 22
4 9
2 98
1 8
3 26
3 16
3 80
10 52
8 80
8 65
9 13
8 81
2 4
4 9
6 42
6 83
8 80
2 89
4 43
4 15
7 24
10 0
7 32
10 64
6 45
1 78
1 8
6 61
3 10
2 6
4 83
8 88
7 33
2 15
6 61
10 30
3 12
6 21
2 12
5 8
4 30
8 75
6 58
4 27
7 71
8 33
1 54
5 65
4 18
8 26
4 75
5 78
3 53
4 49
7 94
9 83
10 69
4 71
7 43
7 5
9 46
2 41
1 98
10 59
5 16
6 49
3 10
8 96
10 74
8 95
1 88
9 4
1 34
10 61
4 83
5 78
1 65
10 85
2 80
2 87
9 37
9 90
9 76
10 73
1 92
5 9
2 100
4 63
8 22
5 10
9 52
2 55
5 56
7 41
3 71
9 33
3 100
8 43
9 33
7 54
1 47
7 65
10 21
1 96
4 7
5 15
4 68
6 78
4 70
8 25
6 5
6 12
2 59
9 99
5 77
8 23
2 32
2 36
2 86
8 27
7 15
7 39
9 66
8 7
2 14
9 73
6 26
9 18
5 42
4 11
4 27
10 38
3 43
4 22
8 97
9 4
10 92
6 90
5 62
5 7
6 11
7 87
8 20
1 59
3 21
9 78
3 16
6 4
4 16
10 13
7 31
5 16
7 86
8 25
9 53
2 73
8 30
6 10
1 26
1 54
6 16
3 76
2 42
2 86
3 40
10 0
2 2
8 90
4 20
7 10
9 55
7 0
5 53
3 14
3 31
4 76
5 62
8 67
5 56
4 29
7 73
9 71
8 89
7 32
8 16
10 44
7 65
2 36
3 20
1 92
4 57
10 15
3 76
4 44
10 53
1 49
3 32
7 9
1 95
7 87
7 4
6 26
8 11
8 89
10 43
1 87
3 31
4 70
8 72
5 60
7 33
2 83
8 89
9 63
4 21
10 57
1 61
2 42
6 45
5 8
9 83
7 66
8 15
1 30
5 80
7 22
8 24
2 17
9 53
6 97
5 62
7 38
2 62
6 55
7 68
3 46
1 70
1 57
9 41
10 50
10 11
6 49
4 46
2 4
5 4
3 95
6 52
8 74
3 28
7 55
1 34
3 90
5 55
1 79
6 57
6 27
6 16
3 20
10 56
6 11
4 91
1 96
7 88
7 55
6 93
7 17
10 53
4 47
2 85
9 36
3 63
5 58
2 15
5 11
7 27
5 8
10 66
2 55
6 64
8 55
3 68
4 36
8 60
8 70
9 66
6 35
3 30
5 12
10 30
9 69
1 4
6 37
7 23
10 26
9 24
3 77
9 58
6 16
1 50
7 72
9 30
8 73
9 83
3 6
1 77
6 80
6 16
4 9
5 2
1 77
3 17
2 48
2 86
5 17
5 53
3 95
4 24
2 11
9 72
3 89
3 15
8 83
2 85
6 42
10 59
5 55
6 53
5 30
4 51
2 24
2 84
10 54
5 23
9 61
10 53
4 81
3 97
10 87
3 44
3 10
7 13
5 34
7 8
8 87
7 9
2 15
7 61
5 62
1 87
8 67
3 48
8 35
3 88
1 98
2 58
3 82
8 20
1 33
8 8
2 64
2 98
2 37
3 65
5 50
5 9
2 10
7 48
1 17
4 67
6 34
6 79
4 86
1 78
5 93
8 76
2 2
5 95
2 43
10 46
4 72
7 72
8 40
7 77
3 21
9 62
2 92
1 28
7 81
6 85
10 78
3 35
1 53
7 30
9 2
2 59
1 10
9 12
9 46
7 28
2 56
8 30
8 92
4 36
8 38
2 96
5 21
2 55
5 2
10 14
10 87
1 15
3 32
6 25
2 26
7 39
6 34
6 72
7 4
3 50
3 62
1 26
1 65
10 80
2 89
5 8
3 11
1 96
8 51
3 63
7 1
2 25
1 49
6 16
8 5
8 99
6 39
1 8
10 92
2 42
7 78
9 41
8 90
2 44
3 65
7 54
1 31
1 38
1 92
8 65
8 58
7 10
5 85
7 81
10 16
10 91
8 70
5 53
9 28
4 45
5 98
9 62
10 9
5 23
9 93
10 22
7 77
2 100
5 15
9 63
2 10
10 4
3 15
8 51
4 98
5 25
5 66
10 10
6 7
9 47
5 34
5 79
7 33
8 66
8 55
9 73
1 1
8 43
6 3
9 73
5 98
6 93
1 9
6 8
2 24
2 38
7 88
3 88
1 75
3 85
10 43
10 6
9 78
7 79
2 26
1 76
6 87
10 97
9 64
2 4
4 62
7 44
5 39
1 27
6 87
4 31
9 27
2 16
2 52
7 46
3 26
10 48
8 80
9 25
6 72
4 70
2 69
4 79
2 62
7 47
5 39
10 2
6 97
4 11
7 94
4 58
9 25
5 75
9 5
7 36
1 89
6 12
2 3
7 72
6 11
3 28
5 64
6 62
5 13
1 93
3 39
3 99
2 98
3 19
8 7
9 82
4 82
7 22
1 84
10 96
9 71
8 39
7 82
2 73
1 93
4 51
6 29
8 45
8 82
8 38
5 5
4 63
5 61
1 39
9 99
1 70
6 95
8 22
3 86
4 86
3 81
10 15
4 6
1 21
7 22
7 56
4 54
10 70
9 37
7 27
7 5
7 4
5 92
4 31
10 49
2 36
7 84
1 99
1 22
8 37
9 86
6 6
8 61
10 55
3 11
7 48
9 11
7 19
6 90
1 31
7 22
10 5
1 93
2 76
9 93
10 68
7 5
6 25
3 82
9 84
9 32
5 79
9 87
3 72
3 47
6 65
9 15
7 51
2 51
4 58
9 35
7 71
9 65
1 4
6 19
3 68
9 20
9 5
10 91
8 33
8 91
10 45
9 65
1 16
5 63
2 35
10 30
8 77
8 23
4 8
8 69
7 84
10 69
5 53
3 73
1 23
10 24
1 60
1 88
10 26
10 31
6 68
7 72
4 17
8 31
2 44
9 2
4 63
9 66
2 74
4 32
4 22
9 27
1 59
8 53
6 22
9 84
4 79
1 8
4 72
3 39
2 57
9 44
3 72
3 80
7 50
4 84
3 51
2 93
9 32
10 70
9 97
5 67
7 77
9 98
9 16
10 41
7 82
10 70
7 8
7 95
5 50
8 50
6 16
4 81
7 45
5 42
8 7
1 41
8 22
5 70
7 0
2 28
6 21
9 40
2 9
2 7
1 86
6 15
9 7
5 27
3 76
4 19
3 65
5 24
7 63
8 56
8 91
7 11
2 78
9 17
3 99
6 82
3 1
2 51
8 38
1 63
8 63
8 12
5 85
10 18
3 44
1 84
8 96
9 6
10 84
6 42
10 80
6 25
3 22
2 9
8 10
6 97
3 6
9 23
10 70
9 60
9 8
4 53
1 72
7 85
2 100
8 89
5 34
9 77
6 29
6 41
6 11
1 46
6 59
2 36
8 44
1 8
9 67
5 17
4 21
10 42
9 31
5 61
7 68
2 56
1 10
6 45
10 98
8 53
3 45
6 42
1 6
4 4
6 85
9 35
10 44
5 8
7 11
7 54
5 43
9 72
7 42
10 78
3 65
2 62
1 51
10 29
1 13
6 28
5 21
4 76
9 87
5 72
7 27
7 60
6 75
7 74
9 65
3 23
9 28
4 27
2 29
8 38
10 22
2 25
10 53
2 54
4 24
1 14
3 31
5 42
2 6
10 48
5 75
1 13
8 61
2 38
10 6
10 51
4 92
2 66
5 19
10 60
9 85
7 88
7 75
10 23
6 6
4 26
5 28
3 40
8 23
8 42
3 68
8 77
1 35
8 27
3 97
9 84
3 82
8 46
4 37
1 89
3 84
6 10
4 81
3 31
1 52
6 13
8 61
2 13
6 33
5 2
7 54
7 15
3 30
5 1
1 14
5 68
3 38
1 43
7 12
7 70
8 18
3 69
6 9
7 30
6 45
10 27
5 44
1 19
7 65
2 58
9 89
1 32
5 33
6 35
2 2
9 13
1 65
4 15
6 24
2 2
2 18
6 14
9 77
4 3
4 14
2 10
6 15
1 50
9 48
1 52
9 67
6 90
3 96
10 19
3 23
6 6
4 64
10 43
5 9
2 7
3 36
9 29
6 51
2 57
3 8
6 63
6 2
3 99
3 83
4 89
3 34
10 10
9 16
6 87
8 71
5 21
3 75
5 57
5 55
4 83
1 59
6 67
6 45
6 65
4 36
8 19
2 36
1 63
8 37
5 26
10 90
9 23
9 24
4 69
8 92
8 91
4 32
8 93
5 84
8 11
3 36
3 25
8 10
9 40
3 8
5 68
6 27
10 0
10 24
5 14
10 64
8 26
1 59
9 59
5 95
3 36
4 87
2 11
2 0
1 3
1 6
10 90
8 79
4 46
7 80
7 68
3 62
7 55
3 27
10 33
6 35
4 59
4 14
4 7
3 30
4 99
4 17
4 91
4 33
7 44
6 5
9 51
8 7
3 70
6 85
10 70
4 24
2 99
9 22
3 98
10 91
8 34
4 95
2 52
10 84
8 48
9 10
7 23
7 81
7 73
9 36
5 89
2 79
3 23
4 25
4 82
8 12
5 45
9 72
10 79
7 13
6 46
6 51
5 46
4 41
1 71
2 27
10 51
4 50
10 57
9 59
8 2
3 79
6 44
3 40
10 5
6 53
4 38
4 63
3 25
5 23
4 92
5 63
8 68
7 58
8 52
4 87
3 63
1 1
7 63
5 55
1 19
9 23
3 62
2 63
7 37
2 8
10 74
2 65
10 97
9 22
1 97
3 19
4 79
8 95
1 44
1 8
8 5
2 5
2 33
2 81
3 13
3 70
1 91
1 86
4 43
6 77
5 4
4 67
4 9
10 21
3 35
8 24
8 36
7 83
7 10
7 43
1 57
5 8
6 15
3 5
7 87
6 36
2 80
10 28
4 15
6 70
2 92
3 51
6 45
8 94
8 9
4 23
7 10
5 89
10 58
1 23
6 46
3 71
10 37
7 71
7 61
8 35
1 65
2 6
3 13
2 12
9 56
3 35
4 20
6 36
7 17
3 90
8 97
4 40
8 25
6 8
6 17
2 14
1 66
1 50
1 55
3 23
6 0
10 26
2 13
4 89
2 38
4 71
5 20
2 7
10 13
1 93
2 7
9 58
2 56
7 83
3 46
9 74
5 2
4 52
3 87
1 70
8 67
5 72
9 83
6 19
10 66
1 12
6 28
4 23
8 98
10 33
7 58
7 72
4 98
1 26
3 89
5 96
10 41
8 73
4 29
6 44
6 77
7 77
1 31
4 31
10 34
4 31
10 22
7 68
9 9
2 60
2 100
10 76
9 86
7 46
2 21
10 20
9 98
5 85
4 97
7 24
8 100
9 60
7 17
4 68
3 53
7 81
8 3
2 48
3 98
3 5
5 85
6 16
7 86
2 11
10 41
6 76
2 67
7 26
6 31
4 85
8 43
7 4
6 40
7 81
9 55
1 1
9 81
5 58
6 6
9 86
6 12
1 13
4 82
1 16
5 27
5 76
1 98
2 61
8 35
2 35
1 30
1 82
10 48
10 75
7 92
7 51
10 38
7 49
3 30
6 48
10 97
5 30
10 51
10 61
2 16
5 61
4 85
5 45
9 26
8 1
4 14
4 92
7 26
8 58
5 100
2 58
4 64
9 77
7 14
3 41
6 28
8 16
10 68
6 77
8 35
10 71
9 73
9 4
3 95
2 69
8 35
10 21
3 34
10 73
3 17
7 18
9 62
3 24
5 24
5 58
5 43
4 14
7 97
3 92
2 39
2 89
8 0
8 86
8 30
3 39
1 41
7 38
9 90
7 93
5 6
4 98
4 39
1 72
10 78
5 19
8 90
10 22
2 22
2 35
8 32
2 52
7 21
5 9
3 46
3 33
7 98
7 67
9 44
7 14
4 83
3 62
10 39
7 93
8 72
1 31
6 30
5 17
3 27
9 43
9 76
2 93
5 79
9 74
7 13
3 38
9 1
10 90
9 54
3 44
4 39
2 92
6 25
8 55
6 14
2 30
7 98
2 64
8 96
7 52
2 0
4 33
8 44
8 25
3 51
4 30
10 4
3 76
10 70
4 21
7 94
4 32
6 70
3 96
8 73
9 19
2 74
6 72
6 60
2 1
10 15
5 16
4 68
8 53
4 9
4 69
9 75
10 5
4 55
7 89
9 65
6 97
8 15
2 94
3 17
8 10
5 34
5 63
5 82
2 100
10 98
9 34
8 76
5 11
4 11
4 44
5 14
3 32
4 21
3 5
3 83
10 7
1 90
8 3
6 73
4 39
10 15
6 40
5 78
7 40
9 91
7 29
5 15
9 98
10 41
7 30
7 18
1 47
7 13
5 79
7 44
2 56
3 49
2 4
8 87
8 83
1 37
10 76
8 24
1 37
9 68
5 37
4 4
10 79
1 56
1 55
8 32
10 20
1 91
3 25
7 52
5 50
9 86
2 70
3 19
6 83
9 26
10 80
10 86
7 48
9 97
2 4
1 65
7 50
4 61
6 26
8 23
2 11
2 25
2 5
5 94
6 44
1 9
3 1
6 83
8 11
9 44
2 74
6 47
1 53
7 13
5 39
5 51
2 2
10 85
8 6
3 68
4 42
9 43
1 89
6 85
10 37
5 60
4 59
7 56
3 0
10 24
4 34
2 27
5 19
9 62
9 87
3 61
6 15
4 82
2 35
2 90
10 77
1 65
1 25
7 59
8 55
9 49
4 66
2 66
4 100
5 57
3 58
2 5
5 52
7 91
2 92
6 36
6 84
3 47
6 32
3 21
6 37
4 67
4 0
5 93
2 21
3 100
8 11
10 63
1 43
2 83
7 28
4 89
6 26
3 29
8 81
8 70
6 27
3 70
1 64
6 34
3 31
4 69
10 65
6 7
5 40
2 5
9 9
10 47
8 43
5 65
8 75
9 28
3 40
8 31
6 19
8 90
8 80
4 94
3 76
9 29
3 62
6 61
5 70
4 51
3 82
2 37
6 51
6 44
1 80
6 40
8 55
9 54
9 19
4 24
9 66
3 82
1 73
2 25
4 25
8 21
8 66
5 39
10 97
6 92
1 54
7 68
7 44
6 68
7 17
5 49
10 1
4 0
4 98
9 49
8 48
8 75
7 30
3 23
7 85
6 72
5 26
10 31
4 72
10 50
4 28
7 83
10 34
6 66
10 21
5 32
2 30
3 52
8 52
2 44
4 1
10 35
2 79
10 25
4 52
10 100
8 61
9 21
10 20
5 18
4 28
3 35
5 47
4 72
7 71
2 72
10 74
4 53
9 14
2 19
8 92
2 54
1 87
7 50
9 69
9 80
1 41
8 86
3 86
8 9
8 77
8 69
4 48
1 39
2 4
8 67
9 40
4 1
1 5
7 38
10 66
7 63
7 15
1 0
8 89
2 90
6 44
7 85
5 35
2 12
10 50
7 35
6 77
6 81
2 18
5 80
6 25
8 68
1 76
6 72
10 53
7 92
7 99
9 51
7 17
10 82
2 93
1 53
10 22
5 96
6 22
4 25
5 63
5 50
4 95
10 53
5 11
2 89
9 14
7 52
8 78
7 78
6 66
5 72
6 6
2 4
9 15
9 18
1 52
3 77
1 8
3 40
9 59
8 92
5 56
1 71
4 97
6 35
9 15
9 72
4 2
4 42
1 40
10 17
5 68
6 64
3 96
7 49
7 61
6 93
5 82
3 30
6 39
5 86
6 19
5 31
8 41
1 31
7 48
5 31
3 67
3 31
2 63
4 20
6 55
1 53
10 31
3 82
7 59
10 75
9 85
6 96
3 17
10 49
5 96
10 13
10 95
3 2
6 63
9 61
1 63
6 26
9 52
10 14
3 81
8 93
5 28
5 40
5 11
10 10
8 28
10 77
10 88
1 31
4 21
3 58
10 62
8 69
7 97
9 62
5 50
5 22
7 35
6 12
5 33
2 47
8 59
5 17
2 68
4 90
1 62
10 91
6 9
2 3
1 68
5 82
1 47
3 38
2 1
1 47
9 37
3 11
8 29
6 28
3 86
10 81
10 96
6 34
9 100
3 35
1 4
9 69
5 69
8 90
5 26
10 2
7 80
6 52
2 33
5 64
1 54
5 48
8 23
6 39
8 51
10 71
4 30
3 35
10 34
6 24
5 76
2 5
2 1
1 73
3 88
6 21
9 56
2 49
1 45
1 80
7 48
9 75
5 87
3 56
4 99
1 75
7 67
10 70
4 33
1 82
3 11
7 50
4 65
4 71
10 73
1 82
4 11
7 36
6 75
4 37
9 24
4 67
3 70
3 70
1 95
2 33
2 38
9 38
10 38
8 0
9 18
6 40
7 28
6 75
4 23
10 90
8 52
4 24
3 1
4 75
3 38
1 79
6 27
1 87
4 31
10 31
2 78
10 64
3 44
4 47
9 60
9 79
2 62
1 33
5 6
4 86
4 24
8 11
9 50
7 45
7 66
4 17
2 7
4 24
8 52
6 27
4 61
6 22
6 54
5 49
4 93
7 4
9 29
10 64
3 44
7 58
3 31
4 70
1 12
10 0
9 77
9 48
7 33
5 49
9 56
4 37
9 30
3 28
3 18
3 52
2 25
6 100
4 86
5 72
3 5
1 2
9 13
8 6
5 2
8 12
2 97
10 75
10 72
1 99
6 100
4 67
4 1
3 71
1 68
1 4
8 98
2 55
9 60
1 50
8 82
1 9
4 55
4 93
7 42
9 59
6 80
2 55
1 64
9 88
9 69
2 68
4 49
4 98
1 47
3 68
6 20
3 96
3 32
9 13
7 88
2 48
9 98
3 94
5 89
9 99
9 18
8 39
3 68
3 93
1 38
2 71
1 77
9 14
6 62
3 6
3 4
9 41
2 36
8 99
4 6
1 30
1 82
4 73
5 20
9 51
1 90
10 0
10 7
1 46
8 40
4 36
5 57
7 79
3 42
2 91
9 17
4 56
1 5
3 32
10 84
10 85
2 47
9 81
1 95
8 5
4 60
2 85
4 20
3 32
1 70
6 40
1 93
2 93
8 12
7 98
8 79
10 33
8 25
5 58
3 49
5 93
8 92
1 33
4 84
2 44
10 86
3 23
1 15
6 16
1 25
2 52
10 91
4 42
1 97
4 92
10 54
3 88
9 13
3 76
3 2
7 58
7 23
9 52
4 45
10 95
4 11
4 72
1 54
10 43
5 50
4 32
6 42
10 0
2 63
3 34
1 81
6 94
6 85
8 67
3 93
5 89
9 32
9 17
7 35
10 68
10 40
9 85
4 15
2 74
1 21
2 78
1 2
6 48
9 97
4 53
7 4
9 3
1 100
9 20
6 24
2 92
3 64
5 22
1 45
10 3
8 27
7 100
10 41
7 72
3 65
8 4
6 24
10 62
10 89
2 58
2 53
9 62
5 1
10 0
9 39
2 31
7 52
4 78
10 10
5 79
1 77
2 71
7 97
5 42
9 67
3 79
10 23
8 57
2 81
1 34
6 90
2 21
8 37
7 66
3 20
8 26
2 20
9 66
4 10
5 89
2 18
3 27
7 63
8 1
9 51
7 76
4 2
10 57
2 21
7 41
2 51
1 97
5 73
1 70
3 95
1 42
2 0
