100
3 3
2 1 2
1 1 1
2 1 2
5 5
2 2 2 2 2
2 1 1 1 2
2 1 2 1 2
2 1 1 1 2
2 2 2 2 2
5 3
2 2 2
2 2 2
1 2 1
1 1 2
2 1 1
3 4
1 1 1 2
1 1 1 1
1 1 1 1
5 4
1 1 1 1
1 1 1 1
1 1 1 1
1 1 1 1
1 1 1 1
3 2
2 2
1 2
2 2
10 10
2 1 1 2 2 2 2 1 2 1
2 2 1 1 2 1 2 2 2 2
1 1 2 2 1 2 1 1 2 1
2 2 2 1 2 1 2 1 1 1
2 1 1 2 1 2 2 1 2 1
1 2 1 2 1 2 1 1 2 1
2 2 2 1 1 1 1 1 2 1
1 2 2 1 2 2 2 1 1 1
1 1 2 2 2 1 1 2 1 2
1 1 1 1 1 1 2 2 2 2
8 6
2 2 2 2 2 2
2 2 2 2 2 2
2 2 2 2 2 2
2 2 2 2 2 2
2 2 2 2 2 1
2 2 2 2 2 2
2 2 2 2 2 2
2 2 2 2 2 2
4 8
2 2 2 2 2 2 2 2
2 2 2 2 2 2 1 2
2 2 2 2 2 2 2 2
2 2 2 1 2 2 2 2
4 8
2 2 2 2 2 2 2 2
2 2 2 2 2 2 2 2
2 2 2 2 2 2 2 1
2 2 2 2 2 2 2 2
9 4
2 1 2 2
2 1 2 2
2 1 2 1
2 2 2 2
2 2 2 2
2 2 2 1
1 2 1 1
2 1 2 1
2 1 2 2
10 1
2
2
1
1
1
2
2
1
1
2
7 5
2 1 2 2 2
2 2 2 2 1
2 2 2 2 2
2 2 2 2 1
2 2 1 2 2
1 1 2 2 1
2 2 2 2 2
2 6
1 1 2 1 1 1
1 1 2 1 1 1
7 1
2
1
2
2
2
2
2
8 5
2 2 1 2 2
2 2 1 2 2
2 2 1 2 2
1 1 1 1 1
1 1 1 1 1
1 1 1 1 1
1 1 1 1 1
1 1 1 1 1
5 2
2 1
2 2
2 2
2 2
2 2
10 7
2 2 2 2 1 2 2
2 2 2 2 2 2 2
2 2 1 2 2 1 2
2 2 1 2 1 2 2
1 1 2 2 1 2 1
2 2 2 2 2 1 2
2 1 2 2 2 2 1
2 2 2 2 1 2 2
2 2 2 1 2 2 1
2 2 1 1 2 2 2
4 3
2 1 2
1 2 2
2 1 1
1 1 1
6 5
2 1 1 2 2
2 1 2 1 1
2 2 2 2 2
1 1 2 2 2
2 2 2 1 1
1 1 2 1 1
5 6
2 2 2 2 2 2
2 2 1 2 2 2
1 2 2 2 1 2
2 2 2 2 2 2
2 2 2 2 1 2
5 8
1 2 2 2 1 2 2 1
1 1 1 2 1 1 1 1
1 1 2 2 1 1 2 1
1 1 2 2 2 1 2 1
2 1 1 1 2 1 1 1
5 4
2 2 2 1
2 2 2 2
2 2 2 2
1 2 2 2
2 2 2 1
5 6
2 2 2 1 1 1
2 2 2 1 1 1
1 1 1 1 1 1
1 1 1 1 1 1
2 2 2 1 1 1
6 9
2 1 1 2 2 1 2 1 1
1 1 2 1 1 1 2 2 2
1 1 2 2 1 1 2 1 1
2 1 2 1 1 2 2 2 2
2 2 2 2 2 2 2 1 2
1 1 1 2 2 2 2 1 2
4 8
1 2 1 1 1 2 2 2
1 2 1 1 1 2 2 2
1 1 1 1 1 1 1 1
1 1 1 1 1 1 1 1
6 4
2 2 1 1
2 2 2 2
2 2 2 2
2 1 1 1
1 1 2 1
2 1 2 2
6 4
1 1 1 1
1 1 1 1
2 1 1 1
1 1 1 1
2 1 1 1
1 1 1 1
9 4
2 2 2 2
2 2 2 2
2 2 2 2
2 2 2 2
2 2 2 2
2 2 2 2
2 2 2 2
2 2 1 2
2 2 2 2
2 6
2 2 2 1 2 2
2 2 2 2 2 2
6 4
2 2 2 2
2 2 2 2
2 2 2 2
2 2 2 2
2 2 2 2
2 1 2 2
3 5
1 2 2 2 2
2 2 1 1 2
2 1 1 2 2
5 3
2 2 2
2 2 2
2 1 2
2 2 2
2 2 2
3 4
2 2 2 2
2 2 1 2
2 2 2 2
2 1
2
2
8 5
2 2 2 2 1
1 1 2 2 2
2 1 2 1 1
2 2 2 2 1
2 2 2 1 1
2 2 2 2 2
2 2 2 2 2
2 1 2 2 2
6 8
1 1 2 1 2 2 2 1
1 2 1 1 2 2 1 1
1 2 2 1 2 2 2 2
2 1 2 1 2 1 2 2
1 2 1 2 1 1 2 1
2 2 1 1 2 1 2 2
4 5
1 2 1 1 2
1 1 2 1 2
1 1 1 1 2
1 1 1 2 2
1 1
2
7 5
1 1 2 2 2
1 1 2 2 2
1 1 1 2 2
1 1 2 2 2
1 1 1 1 1
1 1 1 1 1
1 1 1 1 1
10 10
1 1 1 1 1 1 2 1 1 1
1 1 1 1 1 1 1 1 1 1
1 1 1 1 1 1 1 1 1 1
1 1 1 1 1 1 1 1 1 1
1 1 1 1 1 1 1 1 1 1
1 1 1 1 1 1 1 1 1 1
1 1 1 1 1 1 1 1 1 1
1 1 1 1 1 1 1 1 1 1
1 1 1 1 1 1 1 1 2 1
1 1 1 1 1 1 1 1 1 1
1 2
2 2
10 10
2 2 2 2 2 2 2 2 2 1
2 2 2 2 2 2 2 2 2 2
2 2 2 2 2 2 2 2 2 2
2 2 2 2 2 2 2 2 2 2
2 2 2 2 2 2 2 2 2 2
2 2 2 2 2 2 2 2 2 2
2 2 2 2 2 2 2 2 2 2
2 2 2 2 2 2 2 2 2 2
2 2 2 2 2 2 2 2 2 2
2 2 2 2 2 2 2 2 2 2
10 7
2 2 2 2 2 2 2
2 2 2 2 2 2 2
2 2 2 2 2 2 2
2 2 2 2 2 2 2
2 2 2 2 2 2 2
2 2 2 2 2 2 2
2 2 2 2 2 2 2
2 2 2 2 2 2 2
2 1 2 2 2 2 2
2 2 2 2 2 2 2
9 6
2 2 2 2 2 2
2 2 2 2 2 2
2 2 2 2 2 2
2 2 2 2 2 2
2 2 2 2 2 2
2 2 2 2 2 2
2 2 2 2 2 2
2 2 1 2 2 2
2 2 2 2 2 2
8 6
1 1 1 1 1 1
1 1 1 1 1 1
1 1 1 1 1 1
1 1 2 2 2 1
1 1 2 2 2 1
1 1 1 1 1 1
1 1 2 2 2 1
1 1 2 2 2 1
10 10
1 1 1 1 1 1 1 1 1 1
1 1 1 1 1 1 1 1 1 1
1 1 1 1 1 1 1 1 1 1
1 1 1 1 2 1 1 1 1 1
1 1 1 1 1 1 1 1 1 1
1 1 1 1 1 1 1 1 1 1
1 1 1 1 1 1 1 1 1 1
1 1 1 1 1 1 1 1 1 1
1 1 1 1 1 1 1 1 1 1
1 1 1 1 1 1 1 1 1 1
9 4
2 2 2 2
2 2 2 2
2 2 1 1
2 1 2 2
2 2 2 2
2 2 2 2
1 2 2 2
2 2 2 2
1 2 2 2
10 7
1 2 2 2 1 1 1
1 2 2 2 1 1 1
1 1 1 1 1 1 1
1 1 1 1 1 1 1
1 1 1 1 1 1 1
1 1 1 1 1 1 1
1 1 1 1 1 1 1
1 2 2 2 1 1 1
1 2 2 2 1 1 1
1 2 2 2 1 1 1
8 6
2 2 1 2 2 1
2 2 2 2 2 2
1 2 2 2 1 2
2 1 1 1 2 2
2 2 1 2 1 2
2 1 2 1 2 2
1 2 1 1 2 1
2 1 2 2 1 2
10 10
1 1 1 1 1 1 1 1 1 1
1 2 2 1 1 2 1 2 1 1
1 2 2 1 1 2 1 2 1 1
1 2 2 1 1 2 1 2 1 1
1 2 2 1 1 2 1 2 1 1
1 1 1 1 1 1 1 1 1 1
1 1 1 1 1 1 1 1 1 1
1 2 2 1 1 2 1 2 1 1
1 2 2 1 1 2 1 2 1 1
1 2 2 1 1 2 1 2 1 1
1 1
1
7 5
1 1 1 1 1
2 2 2 2 2
1 1 1 1 1
2 2 2 2 2
2 2 2 2 2
1 1 1 1 1
1 1 1 1 1
5 6
2 2 2 2 2 2
2 2 2 2 2 2
2 2 2 2 2 2
2 2 2 2 2 2
1 2 2 2 2 2
6 2
2 2
1 2
1 1
2 1
2 1
1 2
5 7
2 2 2 2 2 2 2
2 2 2 2 2 2 2
2 1 2 2 2 2 2
2 2 2 2 2 2 2
2 2 2 2 2 2 2
10 10
1 1 1 1 1 1 1 1 1 1
1 1 1 1 1 1 1 1 1 1
1 1 1 1 1 1 1 1 1 1
1 1 1 1 1 1 1 1 1 1
1 1 1 1 1 1 1 2 1 1
1 1 1 1 1 1 1 1 1 1
1 2 1 1 1 1 1 1 1 1
1 1 1 1 1 1 1 1 1 1
1 1 1 1 1 1 1 1 1 1
1 1 1 1 1 1 1 1 1 1
2 1
1
1
10 10
2 2 2 2 2 2 2 2 2 2
2 2 2 2 2 2 2 2 2 2
2 2 2 2 2 2 2 2 2 2
2 2 2 2 2 2 2 2 2 2
2 2 2 2 2 2 2 2 2 2
2 2 2 2 2 2 2 2 2 2
2 2 2 2 2 2 2 2 2 2
2 2 1 2 2 2 2 2 2 2
2 2 2 2 2 2 1 2 2 2
2 2 2 2 2 2 2 2 2 2
5 7
1 1 2 2 2 2 2
2 2 2 2 2 2 2
1 2 2 1 2 2 1
1 2 1 2 2 2 1
2 2 2 2 1 2 2
2 6
1 1 2 1 2 2
2 2 2 2 2 2
10 10
1 1 1 1 1 1 1 1 1 1
1 1 1 1 1 1 1 1 1 1
1 1 1 1 1 1 1 1 1 1
1 1 1 1 1 1 1 1 1 1
1 2 1 1 1 1 1 1 1 1
1 1 1 1 1 1 1 1 1 1
1 1 1 1 1 1 1 1 1 1
1 1 1 1 1 1 1 1 1 1
1 1 1 1 1 1 1 1 1 1
1 1 1 1 1 1 1 1 1 1
1 2
1 1
8 6
2 2 1 2 2 2
2 2 2 2 2 2
2 2 2 2 2 2
2 2 2 2 2 2
2 2 2 2 2 2
2 2 2 2 2 2
2 2 2 2 2 2
2 2 2 2 2 2
9 6
1 2 2 2 2 2
1 2 2 2 1 2
1 1 1 1 1 1
1 2 2 2 2 2
1 1 1 1 1 1
1 2 2 2 2 2
1 1 1 1 1 1
1 1 1 1 1 1
1 1 1 1 1 1
2 3
2 2 2
1 1 1
2 5
2 1 1 1 2
1 2 2 1 1
3 2
2 2
2 1
2 2
8 5
2 2 2 2 2
2 2 2 2 2
2 2 2 2 2
2 2 2 2 2
2 1 2 2 2
2 2 2 2 2
2 2 2 2 2
2 2 2 2 2
1 10
1 2 1 2 1 2 2 1 2 2
5 7
1 1 1 1 2 1 2
2 1 2 2 2 2 2
2 1 1 2 1 2 2
2 2 2 1 1 2 1
1 1 1 1 1 1 2
8 4
2 2 2 2
1 2 2 1
1 2 2 1
1 1 2 1
1 2 1 2
2 1 2 2
2 2 2 2
2 2 1 1
7 5
2 2 1 1 2
1 2 1 2 2
2 2 2 2 1
2 2 2 2 1
1 1 1 1 2
2 2 2 1 2
1 2 1 2 1
9 6
1 1 1 1 1 1
1 2 1 1 1 1
1 1 1 1 1 1
1 2 1 1 1 1
1 1 1 1 1 1
1 1 1 1 1 1
1 2 1 1 1 1
1 2 1 1 1 1
1 2 1 1 1 1
10 10
1 2 2 2 2 2 2 2 2 2
2 2 2 2 2 2 2 2 2 2
2 2 2 2 2 2 2 2 2 2
2 2 2 1 2 2 2 2 2 2
2 2 1 2 2 2 2 2 2 2
2 2 1 2 2 2 2 2 2 2
2 2 2 2 2 2 1 2 2 2
2 2 2 2 2 2 2 2 2 2
2 2 2 2 2 2 2 2 2 2
1 2 2 1 1 2 2 2 2 2
5 2
1 2
2 2
2 2
1 2
2 2
10 10
1 1 1 1 1 1 1 1 1 1
1 1 1 1 1 1 1 1 1 1
1 1 1 1 1 1 1 1 1 1
1 1 1 1 1 1 1 1 1 1
1 1 1 1 1 1 1 1 1 1
1 1 1 1 1 1 1 1 1 1
1 1 1 1 1 1 1 1 1 1
1 1 1 1 1 1 1 1 1 1
1 1 1 1 1 1 1 1 1 1
1 1 1 1 1 1 1 1 1 1
10 10
2 2 2 2 2 2 2 2 2 2
2 2 2 2 2 2 2 2 2 2
2 2 2 2 2 2 2 2 2 2
2 2 2 2 2 2 2 2 2 2
2 2 2 2 2 2 2 2 2 2
2 2 2 2 2 2 2 2 2 2
2 2 2 2 2 2 2 2 1 2
2 2 2 2 2 2 2 2 2 2
2 2 2 2 2 2 2 2 2 2
2 2 2 2 1 2 2 2 2 2
2 1
1
1
8 6
1 1 1 1 1 1
2 1 2 2 1 2
2 1 2 2 1 2
2 1 2 2 1 2
2 1 2 2 1 2
1 1 1 1 1 1
1 1 1 1 1 1
2 1 2 2 1 2
4 9
1 2 1 2 2 1 2 1 1
2 2 1 2 1 1 2 2 1
1 1 2 1 1 1 1 1 2
1 2 2 2 2 1 1 1 1
4 6
1 1 2 1 2 1
2 1 2 1 2 2
2 2 1 1 1 2
1 2 1 2 2 2
3 2
1 1
2 1
2 1
9 4
2 2 2 2
2 2 2 2
2 2 2 2
2 2 2 2
2 2 2 2
2 2 2 2
2 2 2 1
2 2 2 2
2 2 2 2
10 10
2 2 2 2 2 2 2 2 2 2
2 2 2 2 2 2 2 2 2 2
2 2 2 2 2 2 2 2 2 2
2 2 2 2 2 2 2 2 2 2
2 2 2 2 2 2 2 2 2 2
2 2 2 2 1 2 2 2 2 2
2 2 2 2 2 2 2 2 2 2
2 2 2 2 2 2 2 2 2 2
2 2 2 2 2 2 2 2 2 2
2 2 2 2 2 2 2 2 2 2
8 6
2 2 1 2 2 2
2 2 2 2 2 1
2 1 2 2 1 1
2 2 1 1 2 2
2 2 2 2 2 2
1 2 1 1 1 2
1 2 1 1 2 1
1 1 1 2 2 2
3 4
2 2 2 1
2 2 2 1
2 2 2 2
9 4
1 1 1 1
1 1 1 1
2 2 1 1
2 2 1 1
2 2 1 1
2 2 1 1
1 1 1 1
2 2 1 1
2 2 1 1
6 8
2 2 2 1 2 1 2 1
1 2 1 2 2 2 2 2
1 1 2 2 1 1 1 2
2 2 1 2 1 2 2 1
2 1 1 1 1 1 1 2
1 2 2 1 1 2 2 2
5 2
1 1
1 1
1 1
1 1
1 1
10 10
1 2 2 2 1 1 2 2 2 1
1 1 1 1 1 1 1 1 1 1
1 2 2 2 1 1 2 2 2 1
1 2 2 2 1 1 2 2 2 1
1 1 1 1 1 1 1 1 1 1
1 2 2 2 1 1 2 2 2 1
1 1 1 1 1 1 1 1 1 1
1 2 2 2 1 1 2 2 2 1
1 2 2 2 1 1 2 2 2 1
1 1 1 1 1 1 1 1 1 1
5 7
1 1 1 1 1 1 1
1 1 1 1 1 1 1
1 1 1 1 1 1 1
1 1 1 1 1 1 1
1 1 1 1 1 1 1
5 3
2 1 1
1 1 1
1 1 1
1 1 1
2 1 1
1 2
2 2
4 9
2 2 1 1 1 1 2 2 2
2 1 1 2 1 2 2 1 1
2 2 2 2 1 1 1 2 1
1 1 1 2 1 2 1 1 1
5 4
1 2 2 2
2 2 2 2
2 2 2 2
2 2 2 2
2 2 2 2
9 4
2 1 2 1
1 1 1 1
1 1 1 1
2 1 2 1
1 1 1 1
1 1 1 1
2 1 2 1
1 1 1 1
2 1 2 1
10 10
2 2 2 2 2 2 2 2 2 2
2 2 2 2 2 2 2 2 2 2
2 2 2 2 2 2 2 2 2 2
2 2 2 2 2 2 2 2 2 2
2 2 2 2 2 2 2 2 1 2
2 2 2 2 2 2 2 2 2 2
2 2 2 2 2 2 2 2 2 2
2 2 2 2 2 2 2 2 2 2
2 2 2 2 2 2 2 2 2 2
2 2 2 2 2 2 2 2 2 2
1 7
2 1 1 1 1 2 2
10 10
2 2 2 1 1 1 1 1 2 1
2 2 2 2 1 2 1 1 2 2
1 2 2 2 1 2 2 1 2 2
2 2 1 2 2 2 1 1 1 2
2 2 2 1 1 2 2 2 2 2
2 2 2 1 1 2 2 1 1 1
1 2 1 1 2 1 1 1 2 2
1 2 1 1 2 1 2 1 2 2
2 2 1 2 2 2 2 2 1 2
1 1 1 2 1 1 2 1 2 1
