100
120 484
484 484
1 121
9 122
1 5
7 109
121 122
122 1000
106 259
384 584
547 945
3 6
4 109
7 122
159 472
65 485
448 525
9 10
484 584
4 6
194 948
75 432
239 318
21 484
4 484
94 920
1 101
454 603
21 742
1 4
384 485
301 702
34 428
906 976
3 121
397 771
65 121
121 742
150 687
1 6
9 65
49 108
122 483
95 112
452 522
3 5
130 334
3 109
106 522
10 120
1 2
121 121
759 971
214 467
8 9
275 308
21 584
7 485
1 302
3 10
3 9
3 4
49 362
1 1
199 790
606 788
8 122
121 484
1 10
1 109
483 742
65 221
242 340
384 742
9 485
1 485
1 1000
159 438
1 584
21 122
9 221
100 1000
65 484
8 65
65 742
484 742
7 10
6 347
72 228
120 302
43 874
8 109
483 484
454 866
8 484
1 104
1 742
82 513
9 121
121 221
