100
3 1 5 15 13 11
3 0 8 23 22 21
3 2 1 3 13 0
1 0 7 18
3 1 10 27 27 27
1 0 10 11
3 0 0 27 16 15
3 0 10 26 27 1
2 1 2 3 2
2 1 2 19 5
1 1 7 3
2 0 2 3 3
3 1 6 15 1 15
1 0 5 11
2 2 0 26 19
1 0 10 27
2 0 2 2 4
1 0 10 27
2 1 4 8 8
3 2 3 7 6 1
3 1 4 21 4 27
3 0 10 26 26 25
1 1 8 13
3 3 8 13 13 20
1 0 0 30
2 0 4 28 9
1 0 0 29
2 0 3 12 8
3 0 2 2 20 14
2 0 7 3 15
2 0 3 5 5
1 1 0 27
2 2 7 7 18
1 0 2 5
3 0 3 6 5 18
1 0 10 27
3 1 7 3 30 19
2 0 2 27 24
2 1 8 9 1
3 0 0 0 0 0
1 1 7 18
1 0 5 12
3 3 6 10 14 2
3 0 2 22 2 16
3 0 8 29 29 6
1 0 8 7
3 2 5 12 11 12
3 0 0 17 10 23
3 1 10 21 16 20
2 1 9 7 7
1 0 6 14
3 1 4 8 25 15
2 0 1 0 0
2 1 0 19 14
3 3 0 6 23 22
2 1 7 17 17
2 0 6 4 26
1 0 5 13
3 0 2 3 15 3
3 0 0 24 16 20
2 0 7 14 11
1 1 5 20
2 0 6 14 3
3 1 6 14 14 15
3 0 5 16 29 12
2 0 6 15 8
1 0 3 6
3 1 7 17 18 18
3 3 0 3 14 8
3 1 7 21 7 7
3 3 7 25 28 23
1 0 5 12
3 3 4 21 4 17
1 1 5 19
2 0 2 21 7
3 0 10 30 30 30
1 0 9 3
1 1 3 16
3 3 10 12 19 21
3 0 2 15 3 7
1 0 2 23
2 0 4 8 9
1 0 2 30
2 1 2 2 5
1 0 6 20
2 0 10 13 30
2 0 6 1 8
3 0 0 21 16 8
3 3 9 16 2 2
3 0 5 8 9 12
1 0 9 7
2 0 5 11 24
3 1 2 28 11 17
1 0 0 29
2 1 9 3 29
2 0 0 5 13
3 1 6 15 15 14
1 0 10 26
2 2 9 21 2
1 0 3 16
