10000
5 87
7 63
1 73
9 35
4 2
8 98
2 37
6 16
9 27
4 12
1 49
10 95
5 92
10 62
1 20
4 33
6 60
4 57
5 53
10 86
9 70
4 29
2 31
8 28
5 15
10 49
6 41
1 94
4 3
2 51
8 11
1 16
9 66
5 21
6 71
1 67
7 72
3 26
7 100
3 47
7 6
4 93
2 98
3 4
5 17
8 75
9 45
10 31
2 35
4 54
1 40
2 52
4 13
4 92
6 14
10 6
10 78
8 94
2 26
4 21
5 20
7 16
6 88
9 11
3 51
9 23
7 70
7 63
1 18
1 14
5 37
10 59
7 39
3 47
9 90
2 79
1 9
4 28
8 47
10 58
4 38
6 27
6 87
9 33
1 65
2 25
4 32
10 51
9 36
1 64
8 94
2 72
4 89
4 60
8 8
9 60
7 60
5 53
10 60
1 57
8 95
8 87
5 60
6 44
8 28
6 100
3 2
1 35
1 50
8 23
8 75
1 95
1 66
1 75
2 64
3 84
6 79
7 3
1 3
5 60
8 5
7 80
9 73
3 59
9 75
1 77
7 77
7 79
10 29
6 76
9 26
4 3
8 42
1 1
4 67
3 37
10 71
2 48
10 19
7 40
6 42
6 35
6 91
10 75
10 42
3 63
7 16
1 48
5 38
2 75
9 7
1 20
9 11
8 5
6 70
4 47
10 28
6 37
2 75
9 43
9 8
4 39
4 38
5 6
1 70
9 40
9 80
9 9
1 99
1 94
2 59
1 57
1 77
4 15
3 10
1 17
7 24
4 76
6 49
4 100
7 37
1 38
6 65
5 45
6 92
1 81
4 20
9 51
6 41
2 7
7 68
1 94
8 53
2 40
9 81
7 16
5 73
7 75
6 82
2 91
5 28
3 81
1 71
2 17
2 22
1 71
9 0
6 13
8 82
10 99
5 61
5 42
2 58
4 74
1 83
6 70
9 22
10 31
9 13
7 45
9 6
2 26
10 97
2 26
5 3
10 81
8 61
3 26
2 11
2 97
4 42
10 61
1 96
5 59
7 60
7 12
2 47
8 78
3 93
3 43
6 23
3 31
5 65
9 56
10 47
8 76
5 85
8 51
4 43
7 28
3 21
1 100
1 50
3 78
6 50
2 70
8 46
6 17
8 41
6 2
6 91
4 52
4 83
9 55
8 77
1 54
9 26
6 71
3 64
10 89
7 39
4 92
8 51
3 11
7 14
1 94
6 94
1 87
5 23
2 26
9 27
5 55
10 19
10 63
8 61
2 14
5 68
1 19
9 66
1 63
6 98
5 94
3 59
7 11
8 29
5 56
3 36
8 43
7 22
1 96
4 63
9 19
4 23
10 3
6 54
3 24
1 27
6 70
5 26
1 91
7 31
5 10
4 73
5 65
10 62
7 59
4 26
10 9
8 82
5 74
7 66
5 35
7 40
6 78
9 44
1 91
6 30
2 83
2 15
1 79
4 77
9 62
6 57
9 78
7 79
1 95
9 47
9 81
3 36
4 32
4 74
6 73
7 21
4 80
8 30
5 20
8 22
10 15
8 22
7 16
5 95
5 38
5 68
10 22
4 33
3 10
5 29
10 50
4 70
4 92
4 85
10 51
1 17
10 75
8 38
5 19
2 95
10 6
10 93
4 5
6 24
2 15
5 45
8 36
5 0
5 33
7 52
2 58
4 92
6 57
6 46
1 43
1 33
7 1
9 47
8 86
9 16
2 76
8 15
7 51
7 31
1 14
10 72
7 70
9 87
3 4
5 21
8 4
8 50
1 56
3 3
8 74
6 64
1 56
10 40
3 59
1 23
2 61
4 96
8 70
1 99
7 48
5 18
8 12
3 31
3 47
2 93
1 69
7 69
3 89
5 1
9 89
5 91
4 53
4 51
4 31
8 17
4 79
7 76
5 22
8 69
9 18
7 60
3 85
10 18
3 95
6 23
8 47
5 26
6 84
9 39
1 75
6 20
4 91
9 30
2 59
10 15
5 53
7 97
10 67
7 10
2 0
3 61
2 9
3 30
10 73
7 30
8 46
7 59
2 18
2 86
8 78
8 5
3 36
10 50
3 9
4 76
5 60
1 55
8 14
4 0
9 89
10 5
8 83
3 18
2 0
2 38
1 41
6 94
1 61
10 14
5 50
9 36
3 44
8 17
8 68
6 97
5 93
3 66
1 29
6 54
8 5
4 2
6 18
1 86
8 42
1 69
2 81
9 63
3 5
3 81
10 100
5 18
2 34
4 81
5 36
1 98
7 71
2 41
3 60
6 96
8 57
4 6
8 53
4 70
8 48
8 8
4 67
3 10
5 97
4 90
8 87
7 25
4 33
3 80
9 2
10 20
4 79
1 66
3 70
4 23
8 42
10 17
10 55
6 69
1 53
6 31
2 48
1 3
1 14
8 5
7 34
2 20
3 58
5 45
8 0
7 23
6 63
9 51
8 70
2 4
6 69
8 69
9 4
3 78
5 55
3 11
1 85
7 54
3 97
9 78
9 14
4 1
4 91
2 38
7 30
3 26
10 54
10 65
8 16
10 53
2 42
1 90
7 4
10 42
5 35
5 93
1 84
3 76
3 75
2 30
7 91
9 94
1 65
4 71
3 55
6 54
1 42
10 17
1 77
5 67
2 53
8 34
4 84
5 25
9 97
10 68
9 40
3 36
5 48
7 78
10 1
7 19
10 100
3 78
8 59
9 73
5 53
1 60
10 37
5 10
3 69
10 64
3 95
3 7
7 61
6 66
4 33
9 79
7 98
3 77
5 30
7 14
7 92
9 44
5 89
10 51
3 95
10 10
2 46
1 66
9 85
4 23
4 28
5 64
10 50
1 83
1 86
10 30
6 56
5 33
8 5
2 15
9 32
6 81
2 75
1 54
4 97
8 44
10 44
5 9
4 92
5 88
5 45
1 38
6 96
1 92
1 0
3 75
6 8
7 14
6 40
2 16
2 83
3 14
9 98
6 10
5 28
1 46
2 80
2 25
2 40
10 97
1 95
3 10
10 85
3 58
5 98
4 15
10 47
9 4
4 72
2 17
10 37
3 83
2 31
3 22
8 94
6 73
5 12
5 79
8 93
8 81
3 12
3 7
4 30
7 100
5 30
10 100
9 34
1 71
5 22
1 1
10 48
1 70
2 94
3 85
7 44
4 20
5 54
7 40
1 45
3 85
1 9
10 16
6 16
6 16
4 64
2 91
9 12
2 93
3 43
8 75
6 94
7 90
7 84
7 10
9 59
3 36
9 93
2 23
7 32
5 72
4 17
4 45
3 52
5 54
10 95
10 90
8 50
9 85
7 33
9 6
2 84
9 8
10 17
7 83
7 90
10 9
8 6
6 63
3 47
8 69
5 75
6 44
10 87
10 17
7 77
4 13
6 84
8 92
3 15
8 15
2 52
2 38
9 69
1 42
1 4
1 55
1 38
9 59
2 50
8 27
5 57
8 13
6 54
3 36
6 79
5 22
1 25
10 21
6 66
3 71
6 2
9 50
7 33
10 32
1 71
4 17
8 100
5 72
6 76
3 42
7 40
4 64
3 13
6 55
9 55
9 57
3 78
2 79
4 58
6 83
1 34
1 66
10 10
10 24
4 62
7 89
9 29
7 54
4 100
10 24
4 77
4 35
10 46
1 78
6 35
8 21
5 100
9 6
1 87
9 80
3 41
10 83
6 52
1 7
4 93
9 3
2 21
1 17
1 82
5 92
1 96
5 77
3 10
9 43
1 64
3 71
7 8
3 96
5 19
10 36
1 27
7 92
9 7
10 60
4 79
4 67
4 47
9 83
2 36
8 25
4 23
3 94
6 50
1 80
3 79
6 88
3 100
8 6
9 52
3 14
3 86
6 53
3 9
5 33
6 4
4 27
7 41
10 31
7 60
9 8
4 75
8 92
2 21
9 57
4 40
4 21
6 53
7 6
6 46
8 79
8 99
6 8
8 74
6 18
3 93
7 58
9 100
3 94
8 66
10 68
8 61
5 15
1 85
7 20
2 75
9 28
4 7
1 11
7 33
10 30
7 82
8 41
2 14
9 26
9 35
2 36
7 15
3 65
6 39
6 51
6 97
8 82
4 45
9 86
4 9
9 50
7 32
10 48
6 63
7 15
1 42
3 56
10 19
8 17
9 12
3 58
9 91
6 72
4 92
10 44
9 65
1 0
1 93
2 87
6 4
10 69
8 83
4 99
10 96
3 83
7 58
4 58
8 29
10 31
4 26
4 20
9 71
6 70
8 54
4 82
9 2
10 5
1 80
1 1
6 44
1 66
2 83
1 39
3 63
8 77
3 65
7 9
6 85
6 50
9 16
10 50
4 1
6 85
4 59
5 84
8 42
6 37
1 57
6 59
6 8
2 17
4 82
7 93
1 28
5 93
3 19
3 81
3 45
2 4
1 84
9 24
2 73
4 87
8 35
8 53
8 58
2 85
6 74
7 40
5 15
8 22
5 24
6 54
8 7
2 46
1 61
6 32
5 28
1 67
1 25
5 1
1 67
6 18
6 99
10 11
7 14
3 38
1 29
5 2
9 51
2 34
2 25
2 91
1 81
9 60
9 67
7 65
2 40
5 63
10 56
2 39
4 90
10 16
10 12
3 6
3 49
4 4
4 8
7 19
7 14
9 34
7 0
4 86
10 66
7 39
9 67
10 24
3 11
4 7
6 32
10 10
2 12
1 90
6 13
8 46
2 45
2 97
1 2
7 41
5 56
1 12
9 78
2 26
1 73
2 1
2 46
1 69
1 2
7 46
9 44
1 37
6 32
10 69
1 95
2 41
3 39
8 90
2 70
6 31
1 44
7 48
3 97
5 99
8 21
7 74
6 13
1 47
7 54
6 33
3 17
8 8
7 95
7 48
6 38
8 33
3 36
10 76
7 31
8 25
1 4
6 94
9 11
4 12
1 42
5 38
9 90
5 53
2 9
10 54
10 3
2 48
4 54
7 36
10 12
10 100
6 36
3 43
2 67
3 43
3 22
10 12
4 85
7 44
9 26
5 98
8 85
6 9
3 39
1 22
8 3
5 35
9 21
4 100
10 12
2 19
4 72
3 52
1 45
1 4
2 86
3 82
5 5
2 62
4 15
2 4
6 64
2 61
6 96
4 44
9 21
9 29
5 80
3 89
6 44
7 72
6 20
2 74
7 60
4 73
7 30
7 10
9 5
6 22
3 48
9 26
5 66
8 76
8 84
4 19
2 62
1 15
6 49
4 45
7 65
5 79
1 32
8 95
1 66
3 79
10 9
9 43
7 85
5 19
5 98
2 99
6 43
2 45
10 37
9 44
9 61
3 49
2 49
9 32
5 93
2 3
1 36
4 26
4 73
3 72
5 34
1 96
9 57
1 58
7 52
6 36
9 57
6 55
7 18
2 84
6 98
6 74
10 25
1 27
6 68
2 17
9 88
3 77
6 100
8 73
6 77
5 16
5 57
6 74
7 15
8 51
9 71
7 93
4 100
10 44
9 88
1 60
9 59
8 83
6 20
5 97
4 33
1 63
4 59
6 57
8 66
7 82
4 22
1 77
5 41
4 11
3 7
2 64
7 15
2 15
6 13
1 75
2 95
2 94
4 10
4 65
7 70
2 81
4 40
9 100
5 74
10 28
8 0
9 65
2 49
10 20
3 11
3 32
7 97
3 71
5 33
10 71
5 33
10 22
2 20
6 26
6 64
8 73
10 76
6 99
2 53
8 59
7 84
1 10
8 24
8 37
7 83
10 19
1 89
1 97
7 11
10 69
4 48
8 44
8 86
5 15
3 20
7 6
1 47
7 89
8 13
7 82
8 73
4 29
6 14
3 59
3 23
9 71
6 62
8 55
4 38
7 48
6 18
10 65
8 57
1 78
10 12
4 73
9 52
10 10
1 21
9 66
3 5
10 14
10 100
1 13
6 66
7 33
10 86
3 86
4 0
10 28
7 25
1 72
4 66
8 100
6 41
10 30
1 97
5 58
1 49
8 17
8 15
2 54
3 36
7 33
6 26
10 88
5 65
10 70
8 86
3 92
6 35
7 80
3 73
9 17
7 95
2 81
5 59
9 88
1 41
5 16
2 7
6 37
7 38
1 25
9 57
1 56
8 57
2 5
5 56
10 88
10 27
2 0
1 69
2 0
6 2
5 31
8 18
7 49
10 2
3 33
6 85
7 26
8 20
5 15
7 24
6 77
3 15
1 41
8 62
1 20
2 32
8 96
9 47
8 33
3 95
8 97
7 12
6 27
4 9
4 63
6 65
4 41
1 0
1 30
3 56
3 54
2 60
7 96
4 34
5 22
2 81
1 75
3 71
9 27
7 55
5 92
8 62
10 53
3 32
2 44
7 40
5 80
3 90
10 43
5 9
5 80
9 20
8 3
5 51
1 68
1 98
8 85
9 85
8 55
2 18
2 100
6 43
10 96
2 56
4 84
7 56
5 62
3 60
3 45
4 46
1 73
2 90
3 78
9 51
4 65
9 33
7 85
9 50
7 83
9 8
1 15
3 35
7 35
6 56
9 33
1 6
8 91
3 53
7 83
9 62
2 23
3 59
5 28
7 21
3 96
5 21
5 74
7 70
2 29
6 25
2 19
7 68
9 17
5 86
9 76
9 7
1 59
7 11
9 61
5 53
4 94
7 26
1 47
8 58
3 38
2 12
8 12
2 48
10 57
1 11
8 80
4 90
4 70
9 41
10 89
6 32
10 44
9 42
4 58
4 24
5 28
10 44
9 35
9 71
6 28
8 26
3 60
7 87
5 16
10 71
4 6
8 86
8 97
5 62
3 23
5 55
3 63
5 35
1 46
5 19
9 62
1 82
4 38
1 53
6 4
3 64
1 19
5 15
8 94
2 19
4 52
2 36
7 63
5 32
3 94
4 20
2 77
8 98
2 63
7 14
2 78
10 60
8 84
3 81
3 15
9 25
6 61
8 25
7 47
9 32
7 21
10 20
3 45
6 46
10 91
5 98
9 39
10 65
8 62
6 49
2 53
9 96
10 43
4 34
2 52
9 69
10 3
3 44
8 89
10 11
3 37
7 91
6 59
9 9
4 20
4 11
1 83
6 30
4 19
8 45
6 75
4 32
9 25
1 54
3 38
5 58
5 14
2 89
8 60
6 72
8 79
9 96
5 43
3 50
10 85
4 28
9 89
2 44
3 31
8 7
1 13
3 49
9 4
2 94
8 75
6 75
1 63
10 41
3 63
6 94
4 19
6 98
2 88
3 95
1 96
8 3
5 69
6 44
10 47
8 71
10 15
7 88
2 98
9 69
3 32
10 28
10 28
2 12
3 96
2 62
10 98
5 25
6 98
2 80
9 84
2 13
2 87
7 51
5 31
7 15
6 62
1 24
6 84
9 1
6 99
8 5
4 45
9 22
5 43
3 49
1 20
2 33
6 11
7 13
10 93
1 57
6 36
8 13
8 77
7 83
10 73
3 61
1 43
6 15
1 19
2 74
10 43
4 44
9 11
3 87
7 35
1 65
3 2
5 90
4 65
10 43
4 28
2 87
4 2
1 87
7 48
3 74
7 46
6 45
8 51
9 56
5 54
5 69
10 32
3 12
4 14
4 24
3 57
10 36
3 35
9 17
3 8
4 11
5 41
5 59
5 68
5 2
10 76
10 57
5 23
8 74
7 15
10 82
3 39
7 12
5 30
2 42
1 62
5 12
6 41
7 50
8 59
5 79
5 40
10 0
10 19
4 68
5 49
8 84
9 9
6 96
9 15
3 48
10 21
1 69
4 27
7 32
5 60
9 26
10 31
9 75
2 58
5 22
9 99
5 54
8 61
8 29
7 30
1 48
7 78
10 4
4 56
1 80
1 62
2 63
5 30
1 68
8 7
1 66
5 81
1 58
5 64
5 63
9 81
2 73
5 56
6 50
6 49
6 79
10 51
5 43
2 12
3 33
2 23
7 15
6 83
2 21
8 76
2 21
6 23
10 47
2 62
7 93
8 11
8 55
1 81
8 94
1 85
8 22
7 32
1 70
5 98
10 53
2 43
8 15
5 92
8 95
8 23
4 39
6 71
8 92
4 45
9 42
10 12
2 91
7 75
7 8
6 21
3 16
5 57
5 80
4 36
3 58
10 41
3 91
2 78
5 48
3 6
8 94
7 37
1 6
5 23
8 66
3 2
1 52
10 88
5 59
2 1
8 67
6 17
9 47
5 25
4 71
8 52
4 0
6 76
10 83
8 15
4 77
4 49
2 33
10 35
7 79
3 24
4 29
5 87
4 15
6 63
1 33
10 94
9 67
9 42
7 16
10 58
6 12
3 62
6 51
4 92
1 24
7 19
3 89
7 47
1 75
1 48
9 23
2 56
6 58
2 46
8 20
3 99
9 30
2 12
3 81
5 61
1 38
7 47
6 6
2 4
4 30
3 43
6 71
5 88
1 19
8 22
2 25
9 94
1 36
8 9
9 45
3 75
6 51
1 2
7 48
8 12
9 85
8 80
4 51
6 83
2 90
7 46
10 96
1 29
4 26
8 68
4 11
7 54
6 94
4 61
9 51
8 16
8 62
9 84
2 74
4 99
5 38
1 98
3 34
5 0
2 75
2 37
7 37
8 88
6 18
1 49
8 85
2 93
1 15
8 48
4 39
1 32
10 85
10 38
9 27
6 14
7 47
4 33
5 63
10 54
5 49
2 14
10 28
7 15
8 69
6 84
4 75
10 4
6 17
4 91
10 96
5 81
2 67
3 85
9 44
6 41
7 30
7 67
5 26
4 1
1 17
5 89
5 68
3 32
6 0
9 13
3 82
5 33
3 26
5 84
3 100
5 36
9 89
3 95
10 41
6 0
5 88
6 30
1 15
8 7
9 90
8 5
2 21
5 6
9 32
8 97
2 82
8 44
4 8
7 40
6 33
9 76
6 86
4 47
4 74
3 67
2 1
7 20
1 26
9 25
3 85
10 60
5 71
4 62
5 41
1 10
4 97
10 63
1 37
4 81
1 8
5 91
9 18
1 100
2 82
3 23
5 5
5 98
10 17
2 54
4 21
1 95
2 23
10 12
1 33
3 49
7 93
8 35
10 85
10 90
5 1
6 21
3 73
3 5
3 42
9 11
10 12
7 85
8 76
8 42
1 41
6 12
2 2
5 66
1 26
4 70
5 52
2 77
9 58
2 18
9 61
9 99
8 3
2 88
2 78
8 1
7 12
5 62
4 95
9 7
2 90
2 88
8 74
2 2
5 3
1 87
9 83
2 83
8 71
4 35
4 36
7 35
4 19
1 64
1 74
1 33
6 16
4 59
2 35
6 85
7 57
4 58
7 100
3 65
1 4
7 28
10 70
3 96
2 95
1 49
6 37
8 65
3 3
4 85
1 56
2 5
2 41
9 17
8 68
5 51
3 12
4 12
9 96
9 48
7 10
8 37
6 16
2 0
2 2
8 77
1 25
4 15
6 70
3 86
7 29
7 87
3 17
2 89
3 93
6 11
9 59
9 22
5 41
3 15
1 92
8 95
8 2
3 44
6 91
1 78
4 77
7 72
5 87
7 10
6 47
7 77
9 67
5 68
3 58
1 15
6 65
6 17
3 2
1 79
1 82
4 84
9 99
6 24
8 71
6 13
6 80
2 53
2 9
6 37
6 49
7 32
6 18
4 44
6 93
2 44
3 13
4 16
1 91
5 88
2 21
5 28
4 53
10 53
7 20
7 15
5 1
10 44
4 12
4 22
7 2
6 80
6 4
3 85
2 66
1 50
5 6
10 16
1 62
4 3
5 13
4 43
10 79
2 69
5 71
8 3
1 25
5 31
4 71
6 30
4 53
4 64
3 48
8 34
6 27
7 50
2 60
8 36
2 32
1 20
9 34
4 82
1 11
9 12
2 90
3 52
3 24
10 79
4 82
8 53
2 99
5 28
1 93
6 45
4 65
5 43
3 21
8 71
10 12
10 49
1 83
10 20
8 41
7 75
10 30
6 69
6 31
9 57
2 58
4 40
10 64
8 54
5 31
8 18
6 9
10 24
9 100
6 86
3 77
9 8
9 75
4 14
1 33
6 61
1 20
9 79
7 9
8 84
2 2
5 76
6 41
6 35
9 84
2 23
1 4
9 15
8 81
1 14
9 45
4 69
4 13
6 61
9 8
4 85
5 36
10 62
8 95
9 11
6 24
8 33
7 56
5 37
9 89
10 96
1 34
6 1
8 73
8 37
4 50
2 58
4 9
1 2
1 96
5 83
9 82
4 2
7 77
10 75
4 30
7 9
10 78
5 12
5 41
8 33
10 58
3 29
4 33
10 92
3 92
5 3
9 13
4 17
4 56
1 66
4 9
7 2
6 26
6 72
4 91
1 53
9 61
3 87
2 32
10 52
9 94
4 96
5 26
7 16
6 55
8 13
5 17
9 97
9 71
7 64
4 49
2 40
10 66
1 18
6 88
2 50
10 83
8 19
7 95
8 39
6 46
6 54
7 100
8 28
6 33
3 61
1 61
1 85
10 25
7 18
10 61
3 94
3 20
9 78
1 47
2 47
2 35
3 63
3 44
5 14
2 2
1 86
9 70
1 37
3 16
1 92
2 52
4 37
4 9
7 3
3 3
8 74
2 35
2 82
6 1
4 48
1 93
9 65
1 55
4 84
1 11
10 12
10 91
2 32
6 86
5 36
7 1
1 89
8 31
3 6
5 22
1 81
7 54
5 98
7 99
6 53
3 49
2 93
5 3
1 67
10 49
3 30
2 94
5 41
1 68
1 29
10 52
1 91
4 50
9 28
8 47
8 52
1 37
7 40
3 37
5 7
7 41
2 99
7 78
2 93
2 54
4 68
3 66
3 35
3 57
1 65
6 47
2 75
9 76
9 69
6 46
5 90
5 2
1 5
2 58
6 17
3 67
9 77
3 86
4 30
2 82
8 43
2 99
4 18
1 28
6 46
5 64
9 16
3 4
7 92
1 90
1 65
5 63
1 79
2 70
4 80
1 21
10 43
8 83
7 14
8 1
3 27
7 96
1 71
2 8
3 45
10 93
1 99
2 9
9 87
4 83
8 75
9 79
6 76
9 43
8 7
9 0
4 97
10 28
4 43
7 67
2 94
5 68
3 10
8 39
9 63
2 1
7 86
9 91
9 65
5 2
10 17
1 52
6 90
5 18
1 100
6 61
9 60
9 8
3 79
5 55
5 81
3 27
7 91
8 24
1 24
2 25
7 52
9 94
5 22
2 82
4 94
10 18
8 54
8 15
10 95
10 93
8 81
2 23
9 87
9 82
1 52
9 19
1 98
7 0
8 19
7 81
6 25
3 77
10 17
9 75
6 53
4 85
8 43
4 82
4 25
9 54
6 75
1 82
2 60
2 14
1 49
1 64
9 40
3 27
5 36
10 100
1 6
6 86
4 93
9 74
6 84
10 61
7 60
1 93
2 48
2 73
2 4
9 29
7 75
8 86
10 6
9 39
9 9
1 4
2 56
4 89
10 27
8 82
6 37
1 81
4 51
1 68
3 63
2 51
10 40
7 43
7 97
6 5
1 53
5 71
5 54
8 44
5 66
6 11
2 36
4 70
1 5
3 75
10 3
8 66
9 0
8 77
5 96
3 82
8 30
4 56
5 67
6 96
5 17
6 33
10 27
7 42
3 13
1 27
1 40
7 74
8 99
7 17
9 52
8 17
9 95
5 33
10 90
4 81
8 10
5 47
2 23
3 31
6 27
1 45
6 1
5 75
7 61
2 66
3 6
1 19
9 65
4 10
1 89
1 43
8 3
4 39
9 27
4 49
2 69
3 45
4 72
5 43
3 22
1 76
4 0
4 50
3 85
8 82
5 8
9 85
10 90
2 90
4 56
6 44
2 88
7 63
1 25
9 55
10 53
5 26
5 85
5 10
3 43
5 47
2 8
9 79
10 94
9 66
3 91
6 36
3 22
7 0
3 55
9 82
9 30
7 64
5 50
6 0
6 75
3 100
8 66
5 83
3 68
5 51
9 11
3 26
8 43
7 64
1 10
4 95
6 3
5 18
2 42
4 79
10 78
4 96
6 58
4 46
8 90
5 58
6 48
3 27
9 5
8 70
6 50
5 71
2 20
9 6
6 37
8 58
7 63
1 41
5 97
4 1
5 29
5 29
10 49
1 10
4 45
1 41
5 98
9 2
2 43
3 60
5 37
3 53
7 83
3 87
8 70
7 46
4 17
4 58
8 18
1 75
7 99
10 8
9 71
1 77
1 34
7 24
9 69
7 8
4 2
7 19
1 52
5 73
2 14
9 42
9 89
5 21
2 5
2 52
2 66
6 64
7 19
6 15
10 80
1 87
2 73
2 40
10 42
2 64
10 1
9 20
6 29
6 12
9 88
6 24
6 75
8 85
1 15
9 8
4 83
8 49
6 7
2 12
2 52
5 99
9 69
6 48
7 28
2 66
8 37
2 96
7 13
1 48
3 53
3 9
8 8
2 99
3 5
10 52
8 4
9 62
1 28
4 32
9 92
2 74
5 79
3 42
9 44
2 67
10 53
3 63
7 50
5 68
1 2
1 49
2 68
7 13
1 56
4 3
3 3
1 79
7 1
8 38
5 10
7 10
9 65
10 70
3 39
9 6
9 73
1 48
6 74
7 78
6 69
8 72
3 14
5 35
3 43
2 4
8 55
9 81
2 70
7 76
1 24
5 78
5 80
1 37
5 68
4 74
7 89
7 19
10 73
8 88
6 69
2 14
5 56
10 26
8 87
1 16
4 81
8 62
4 45
3 57
10 13
3 91
6 34
6 22
9 23
9 37
2 66
8 24
10 3
10 17
8 12
7 49
7 59
5 6
9 86
7 21
2 68
6 27
7 58
6 21
1 3
5 80
3 2
9 20
10 48
6 51
1 99
6 55
1 59
8 60
9 26
4 25
10 43
7 77
4 5
4 73
4 31
6 52
1 98
7 47
6 22
6 8
7 40
9 68
5 19
2 58
8 37
3 98
2 99
7 17
3 48
9 53
6 15
6 52
5 53
10 0
9 67
3 68
9 66
7 58
6 42
10 25
1 85
5 9
1 8
3 50
4 18
10 97
7 76
7 75
7 71
1 80
10 24
8 83
9 38
4 86
6 89
8 8
1 81
2 46
7 39
2 4
3 41
5 34
9 14
3 78
10 54
4 54
7 83
5 34
10 29
5 62
1 77
2 35
9 5
6 94
8 96
10 62
8 11
4 43
4 43
6 39
8 46
3 63
3 73
1 30
2 70
6 33
4 83
5 79
5 23
1 17
10 9
1 59
10 86
7 50
5 82
1 37
4 73
10 98
6 38
7 2
8 56
5 93
6 70
2 22
5 37
1 90
5 94
4 97
10 70
1 11
4 33
4 1
1 64
5 13
3 99
7 66
6 86
2 95
2 64
6 91
9 49
2 93
2 74
6 21
2 51
2 99
8 34
7 9
9 32
4 98
8 8
5 45
8 14
4 72
4 54
1 19
4 84
3 98
2 50
2 3
9 63
10 95
9 81
6 43
2 85
4 27
4 59
6 53
2 61
8 4
4 37
7 83
7 90
8 52
7 19
10 65
1 79
7 6
10 64
9 13
1 93
9 23
10 76
8 15
8 9
7 0
5 88
3 91
4 35
8 9
6 63
8 32
9 97
8 2
4 32
10 68
5 20
10 58
1 90
2 15
9 27
1 33
6 41
5 0
1 2
9 32
3 28
6 48
6 31
4 50
4 13
7 16
4 62
2 29
5 10
10 46
3 38
9 78
3 85
9 5
9 16
4 77
4 42
8 94
4 5
6 38
5 8
1 5
10 28
1 90
5 60
8 94
4 17
1 78
7 92
1 47
4 61
7 62
7 19
7 94
6 60
1 34
4 29
6 49
5 98
7 50
8 7
4 48
9 36
1 45
2 78
10 21
9 58
10 97
3 77
4 79
5 24
6 34
9 62
10 33
9 78
8 85
7 18
8 84
5 56
10 96
4 21
6 81
9 6
8 15
8 80
10 30
5 25
9 42
7 29
10 64
4 0
9 72
3 74
3 99
6 19
8 24
3 63
9 57
6 18
9 3
4 21
9 68
8 40
5 8
6 47
4 50
6 5
1 17
10 15
9 15
8 99
6 72
10 30
10 24
10 32
6 74
4 36
5 33
10 70
6 36
9 50
6 54
4 63
4 75
5 59
8 18
8 87
9 80
5 100
3 84
5 70
4 11
7 81
9 67
9 8
4 18
8 13
5 27
10 40
8 48
10 44
3 84
6 50
9 37
10 41
2 80
1 34
2 23
3 41
6 9
10 48
1 86
9 89
8 29
2 20
1 61
5 77
2 44
9 59
9 23
5 21
4 34
9 66
8 85
7 80
2 63
10 5
1 6
7 23
7 63
1 78
6 48
6 88
10 2
2 94
7 86
10 52
4 56
9 55
5 2
7 20
5 67
7 55
3 61
4 70
8 50
7 16
4 67
9 78
3 23
6 1
6 1
7 95
1 45
10 51
5 48
8 12
5 90
4 72
8 33
9 42
5 78
10 57
1 1
9 65
6 85
8 16
5 5
4 4
3 72
7 14
6 88
1 99
3 90
9 19
2 100
2 40
6 74
1 51
10 95
1 41
8 4
2 6
8 96
10 11
4 52
7 57
10 60
10 74
9 4
7 56
9 61
8 11
8 63
3 75
7 55
8 87
8 1
8 53
1 87
7 44
8 96
1 10
6 0
3 81
3 25
8 98
7 43
9 45
2 97
6 31
4 46
8 10
7 3
4 10
5 40
3 87
7 67
5 85
8 37
1 68
10 30
10 24
4 38
6 15
6 49
8 66
2 3
8 10
3 25
5 41
4 99
1 59
7 78
1 29
6 35
4 2
9 39
6 63
5 7
5 65
9 42
9 37
1 7
6 96
3 22
1 49
7 57
1 14
4 16
2 3
7 96
4 76
4 94
9 54
1 43
5 26
7 11
10 87
5 96
10 77
8 4
9 20
1 52
9 49
5 82
6 79
1 80
9 56
3 78
5 81
3 68
3 43
2 27
1 45
3 69
7 45
9 21
8 10
1 7
7 5
1 65
10 32
7 28
9 5
9 41
8 16
4 95
9 95
3 89
2 97
10 88
3 92
4 52
4 12
7 56
10 84
7 32
2 51
2 2
2 9
9 93
6 25
8 80
6 97
2 5
2 29
2 49
8 79
10 74
3 16
6 2
1 69
3 81
3 45
1 67
6 17
7 2
9 55
9 13
4 86
4 84
7 41
8 33
9 98
9 45
5 65
7 75
1 22
3 60
9 15
8 30
10 3
9 56
1 52
10 55
6 49
10 80
9 67
2 75
4 16
8 60
9 23
8 66
2 78
7 73
8 46
4 97
2 66
7 51
10 5
8 45
1 33
7 82
10 36
3 10
6 21
2 39
5 27
9 86
3 20
8 93
8 79
9 2
1 15
3 88
3 100
4 38
5 6
3 42
4 33
3 59
1 31
1 49
6 39
1 75
10 0
6 85
10 45
1 68
5 14
6 66
5 60
3 25
3 97
2 65
5 42
6 43
4 30
8 90
3 65
4 72
5 31
9 52
8 78
2 82
6 33
8 65
3 94
8 16
3 90
3 26
6 86
8 81
8 69
9 81
6 78
7 64
3 60
6 1
3 9
7 40
5 20
3 11
4 16
8 28
6 30
10 57
8 61
8 28
7 34
9 31
5 39
7 35
4 57
2 62
4 28
1 25
7 72
5 55
3 96
6 11
9 90
5 21
5 24
3 18
6 37
10 13
7 0
10 26
7 9
10 6
5 62
7 82
6 30
1 19
6 51
1 89
6 71
6 49
2 43
10 74
2 7
4 50
2 92
10 24
4 39
1 37
6 75
1 18
3 30
6 38
4 41
9 62
7 0
10 13
7 17
3 86
6 68
3 54
4 62
1 59
10 94
5 16
3 14
3 45
1 56
5 71
1 42
6 88
5 27
5 80
4 85
10 6
3 19
10 85
4 7
4 54
10 3
10 94
7 0
4 19
6 69
1 14
1 38
10 36
1 42
5 90
2 18
3 46
10 100
6 98
3 30
6 20
2 38
4 68
6 25
4 48
6 34
3 38
4 15
8 14
7 14
3 17
6 64
5 88
10 29
7 97
10 80
6 87
6 82
8 35
6 59
10 8
8 81
6 79
9 31
5 92
2 82
6 82
5 70
5 5
6 54
9 91
2 18
4 8
1 81
4 51
10 97
8 24
1 2
5 94
8 79
5 44
9 52
5 42
7 2
4 85
9 78
2 6
8 49
1 32
7 38
1 82
4 61
9 78
6 46
7 15
9 53
5 19
2 35
3 3
5 17
2 79
1 5
9 61
8 47
9 51
3 48
1 50
2 49
3 31
6 70
2 98
9 39
5 62
7 0
3 100
10 13
4 27
2 36
8 21
9 7
10 11
8 98
3 71
5 69
4 52
10 22
5 75
10 14
9 18
5 25
2 77
4 83
3 66
3 6
1 96
9 80
2 3
10 1
2 36
4 94
3 62
8 98
7 26
2 91
3 45
3 64
10 26
1 50
2 20
6 4
9 14
5 99
5 95
10 77
7 38
1 64
10 51
2 16
7 23
5 19
7 66
7 57
2 11
1 33
8 65
3 5
10 24
10 52
1 45
9 99
1 19
4 39
6 26
3 32
6 0
6 30
7 88
2 79
7 2
8 43
3 11
8 30
2 73
8 34
4 83
5 89
10 9
10 41
5 81
2 44
1 20
3 31
4 95
10 79
2 99
4 10
8 56
3 34
9 100
8 91
8 10
1 30
3 61
8 89
1 0
8 60
5 15
6 36
6 92
3 75
10 71
4 61
1 29
5 24
7 24
4 21
5 84
9 86
7 69
4 74
8 15
10 27
8 62
2 51
5 97
7 16
7 45
3 86
4 71
10 93
4 54
10 18
4 7
9 17
4 36
1 48
7 80
2 66
4 30
3 33
9 19
7 70
10 8
9 73
2 27
7 25
5 81
5 96
7 55
10 95
2 26
8 51
9 53
10 66
10 63
2 72
4 54
6 10
10 91
1 92
6 75
2 100
4 86
9 34
5 42
10 92
6 3
7 34
3 5
8 14
10 20
1 55
9 60
9 20
7 16
3 13
6 69
2 32
1 75
6 3
1 32
4 18
3 0
7 48
7 79
1 55
9 15
2 73
3 92
2 68
6 95
8 82
6 13
9 19
9 41
5 69
4 65
5 1
10 88
4 85
3 83
8 59
10 47
2 15
1 0
2 71
1 83
2 32
3 74
4 41
6 79
6 39
1 100
9 18
8 95
7 95
3 63
6 35
10 7
1 49
3 78
3 26
3 14
5 65
5 98
7 26
9 22
5 21
4 36
1 82
2 76
4 18
6 71
9 72
7 20
1 91
10 56
4 26
8 86
3 36
1 56
10 31
5 34
3 51
1 49
7 60
5 4
2 17
8 67
2 75
5 76
6 96
8 88
3 39
10 92
3 42
6 89
8 99
6 47
7 68
7 49
3 50
1 48
6 76
10 46
6 86
9 60
3 15
6 3
9 96
9 77
3 80
7 98
6 31
2 60
10 30
6 93
7 7
1 70
2 91
10 29
5 51
8 53
1 17
8 21
1 37
5 45
8 80
3 79
7 49
8 77
1 62
2 100
2 44
3 11
1 64
2 13
9 21
1 62
8 98
2 67
8 10
9 89
10 3
1 24
8 91
2 33
7 10
9 65
5 98
5 76
7 64
6 48
1 80
5 46
6 88
9 44
8 58
9 26
9 60
9 49
2 36
5 75
10 19
1 57
6 87
6 67
2 6
8 90
1 79
6 6
4 87
9 46
1 20
8 6
8 87
4 79
5 29
7 42
7 72
4 49
4 24
2 19
4 41
10 61
8 57
5 52
2 1
2 37
8 99
8 67
7 0
4 5
7 76
3 13
10 33
8 15
3 53
5 31
8 29
5 79
2 2
2 86
7 80
4 67
10 44
9 72
8 11
7 54
1 5
5 74
2 48
9 9
5 77
7 58
4 95
4 91
5 9
10 87
1 99
5 72
7 16
2 67
7 99
2 27
1 2
9 1
6 0
7 42
4 37
2 96
2 53
2 38
9 84
7 68
5 72
1 18
5 18
3 47
10 3
2 2
2 95
7 7
6 18
9 65
1 19
2 26
7 96
7 2
1 9
4 5
10 95
3 64
5 31
5 6
7 72
1 15
9 56
1 50
4 85
8 37
10 68
3 51
5 77
9 41
9 69
1 97
4 70
5 99
8 5
3 1
10 50
8 52
4 47
9 75
10 76
1 86
1 78
4 19
3 86
8 38
3 17
8 76
3 83
3 58
8 34
1 31
3 17
10 22
3 54
9 60
10 91
1 43
6 47
4 35
6 80
6 39
2 90
4 31
1 58
6 88
3 34
6 39
1 1
3 56
2 41
3 29
9 0
1 78
7 8
8 72
3 97
1 33
8 79
4 60
4 59
8 9
6 5
3 19
1 21
8 14
4 34
3 4
5 87
2 0
2 66
1 36
2 38
10 7
6 2
1 99
2 88
1 51
3 95
7 87
3 53
2 27
8 11
10 66
6 69
9 0
2 95
5 5
8 16
6 86
7 68
8 13
2 72
2 30
5 59
6 8
1 62
4 49
6 59
7 36
6 55
4 19
10 41
9 8
7 1
6 14
10 40
2 90
4 53
5 0
2 58
2 74
6 5
6 46
8 87
4 27
7 30
9 51
6 58
8 26
2 18
9 59
3 63
4 95
8 70
4 72
7 9
2 52
7 15
5 16
2 25
3 8
3 32
2 16
5 9
6 8
7 97
7 67
8 29
10 49
7 10
7 93
2 36
6 89
10 16
5 68
9 81
1 74
1 53
5 17
1 71
1 88
4 92
2 30
8 78
7 60
7 6
9 41
8 53
3 52
8 31
10 66
4 8
9 13
4 83
5 54
8 78
1 21
8 33
2 76
9 56
6 97
5 54
1 93
7 97
1 92
4 84
4 36
8 81
8 72
2 82
3 22
1 83
5 53
2 38
1 66
2 51
4 47
3 93
1 94
8 96
10 70
7 73
1 96
4 92
4 7
3 69
8 37
7 37
9 21
10 52
3 59
1 27
8 92
9 55
6 18
6 37
8 39
3 0
9 72
4 75
3 100
10 27
8 83
1 58
7 52
9 88
10 84
5 9
3 5
2 79
3 20
8 19
7 62
5 63
2 36
10 52
4 28
8 46
2 0
6 23
3 54
8 80
7 77
4 29
2 5
4 41
9 33
7 11
4 84
2 44
2 90
3 27
9 13
4 45
10 50
1 61
9 47
7 85
3 75
4 46
3 51
3 44
2 0
3 61
3 84
4 98
3 82
8 22
4 60
3 23
4 94
5 23
4 13
10 7
5 65
4 56
3 65
4 37
7 34
8 69
9 35
10 3
4 30
5 10
5 65
5 34
7 99
6 56
8 59
6 79
4 69
5 17
5 96
4 0
1 4
4 35
3 11
1 77
1 9
4 18
1 95
10 81
6 23
6 31
5 17
4 90
8 84
8 8
6 42
5 72
9 22
10 30
2 33
6 91
8 28
4 87
8 44
3 28
6 71
6 38
7 12
6 77
9 32
3 19
1 48
5 16
2 63
4 58
3 97
4 71
2 60
3 1
3 47
8 61
5 43
2 55
8 26
3 85
4 2
1 77
1 29
10 4
2 41
5 5
4 17
7 80
6 70
10 78
6 89
6 84
5 78
8 39
1 15
6 75
5 39
7 50
3 69
10 27
6 14
7 27
4 6
5 36
5 93
4 71
6 16
7 1
10 51
8 65
1 38
8 81
2 87
6 98
5 16
8 92
5 34
6 45
3 55
7 43
3 46
2 35
10 27
4 0
6 32
10 88
9 46
2 97
4 82
3 35
3 18
8 30
5 92
5 45
7 35
5 17
5 54
1 94
4 8
9 29
9 23
1 76
9 22
1 64
6 84
9 8
4 48
8 23
10 46
7 37
5 95
7 72
5 48
5 16
5 95
6 3
5 47
10 16
6 0
6 3
10 37
9 12
7 20
8 85
3 92
6 68
2 64
2 47
10 56
1 38
5 0
4 57
9 16
1 19
2 13
3 8
1 10
2 51
2 5
7 20
1 93
6 57
10 70
3 27
10 77
1 56
5 76
10 0
4 13
5 31
7 74
9 55
10 49
9 34
1 2
8 62
7 61
2 63
8 23
9 50
8 7
5 42
4 84
1 13
10 63
1 79
3 44
4 10
4 51
3 100
6 83
10 43
2 61
10 25
1 55
10 0
3 24
4 72
8 91
2 63
10 79
2 75
6 83
5 35
6 56
7 43
7 35
1 62
8 22
6 57
9 88
9 86
10 89
8 33
5 64
6 27
4 43
3 34
8 5
10 7
2 72
6 91
10 7
5 43
6 83
2 9
7 45
5 99
5 29
6 21
1 71
5 80
5 14
2 89
1 34
10 31
9 68
9 34
2 71
10 87
6 91
1 52
8 28
5 84
8 65
3 96
5 98
2 21
7 35
8 72
6 38
9 46
5 66
10 93
6 52
3 35
5 42
3 60
3 70
9 29
6 43
2 100
6 90
3 29
7 96
5 20
2 25
10 58
1 2
5 73
2 67
6 73
9 65
4 51
10 3
4 90
5 24
9 46
4 76
5 53
2 83
2 90
6 8
2 36
5 94
9 19
4 9
4 19
6 81
6 72
7 95
1 0
4 0
4 56
2 43
6 55
7 48
1 0
5 57
2 47
9 82
7 13
3 13
7 15
5 18
10 67
10 77
8 84
1 56
10 72
3 64
8 11
3 20
6 76
6 21
4 1
9 51
2 53
1 91
10 23
2 96
3 79
4 84
1 11
7 77
2 55
10 48
7 98
3 50
1 43
1 41
8 12
4 16
7 44
7 83
2 40
10 94
3 87
4 85
6 34
1 29
9 20
9 66
2 27
4 18
1 13
10 45
10 62
7 65
1 12
3 87
3 100
10 56
4 38
7 33
7 55
9 20
3 33
2 35
3 4
1 30
6 13
3 9
8 93
2 84
4 36
7 79
5 2
10 63
1 19
2 27
7 83
4 47
1 96
4 68
5 5
2 59
9 4
1 86
2 22
3 49
6 45
2 39
1 23
2 40
9 28
1 59
1 48
7 64
9 91
4 82
7 41
5 54
10 19
7 9
5 45
10 22
8 99
8 37
3 8
3 24
10 17
7 71
9 1
5 16
3 79
5 86
3 14
2 9
8 92
10 46
9 80
8 26
5 57
8 81
10 94
3 8
10 56
10 37
4 42
1 85
9 5
9 46
8 96
5 54
7 73
5 52
5 11
1 2
3 71
7 93
1 36
3 85
7 43
10 48
1 99
1 26
10 95
10 1
6 64
7 88
6 59
5 29
10 94
1 15
8 76
8 51
5 53
7 4
9 9
2 1
10 49
6 6
10 24
8 77
9 84
5 10
8 53
3 25
10 65
8 54
8 80
6 72
7 68
9 21
4 55
1 4
7 87
8 89
8 55
9 62
8 84
9 40
2 37
6 9
9 24
2 67
3 8
2 28
4 5
8 47
1 83
8 87
3 41
6 35
8 25
7 38
4 35
8 91
8 42
3 45
10 26
4 1
1 35
7 66
6 3
2 0
3 32
10 99
1 70
6 3
5 88
4 49
1 17
7 22
7 63
5 15
5 31
9 24
5 44
7 25
7 32
3 6
1 6
6 72
8 48
3 19
10 10
2 90
1 7
6 46
10 87
7 68
6 3
4 95
6 34
5 18
8 10
4 87
3 53
1 25
2 88
8 98
1 4
9 59
6 51
1 39
10 83
7 41
5 39
10 40
6 98
6 23
10 23
9 99
8 43
1 69
8 72
10 50
4 99
3 36
10 1
7 34
8 59
5 45
1 79
2 67
6 78
4 19
8 69
2 68
2 20
10 11
3 68
5 5
5 68
2 18
4 58
9 49
9 82
4 74
7 99
6 74
1 21
6 19
8 46
10 33
2 28
3 19
3 37
6 20
4 44
3 81
8 20
1 19
7 53
9 33
1 33
2 31
6 49
5 98
8 21
4 4
5 86
4 42
10 15
7 40
3 10
3 66
2 91
5 65
5 8
7 77
9 21
9 10
8 73
2 64
1 77
10 52
6 1
3 75
8 100
1 89
8 7
4 27
8 85
10 52
10 66
9 3
7 99
4 10
2 55
10 29
7 29
7 88
3 8
9 51
2 88
2 86
6 6
8 16
3 37
6 34
7 61
5 87
3 49
9 40
7 27
9 85
7 69
10 57
2 94
10 12
4 51
9 89
6 60
8 2
2 33
4 43
6 82
6 50
5 75
3 43
5 7
8 72
8 35
5 6
2 7
5 48
5 66
4 57
9 32
10 96
8 3
8 71
8 1
5 76
8 93
4 79
2 48
9 37
9 6
9 34
7 58
10 84
10 26
4 32
8 10
1 62
4 80
4 39
9 63
2 29
7 79
2 68
1 14
9 41
8 34
9 85
9 73
6 24
3 65
1 98
9 48
1 90
7 64
10 49
3 29
9 19
1 38
8 35
7 40
9 73
5 100
4 20
4 92
6 4
9 23
4 44
8 11
10 84
9 21
6 65
4 59
3 26
10 72
9 84
1 24
7 7
4 93
1 71
9 58
8 26
7 24
10 6
2 90
9 66
10 32
4 50
9 88
5 45
8 84
7 43
4 1
5 45
1 57
10 78
4 38
1 18
1 14
3 97
1 10
3 7
4 74
7 98
2 72
8 21
8 61
9 52
4 78
2 13
10 37
2 8
2 72
10 5
2 50
9 53
3 11
3 67
7 84
4 97
2 64
3 27
1 29
4 57
2 73
7 61
7 75
2 85
3 80
6 51
6 44
7 3
7 61
6 30
1 10
3 64
6 52
3 1
10 30
10 15
9 22
6 13
4 22
7 52
10 3
5 3
4 50
1 38
2 47
2 89
9 53
2 50
10 71
6 41
10 49
10 79
10 60
10 6
1 11
2 10
4 2
3 65
10 41
2 37
5 66
10 92
2 73
9 93
3 51
6 54
1 43
5 83
8 15
3 20
3 12
4 94
7 75
7 100
5 76
4 74
8 99
8 35
9 59
1 1
2 97
5 14
1 93
8 19
5 16
8 34
7 35
9 44
4 25
9 78
4 64
5 18
1 58
1 74
10 46
3 35
10 54
4 48
5 28
10 42
10 42
1 79
8 21
9 76
1 14
7 78
5 100
1 74
9 93
7 1
1 92
6 82
3 43
5 57
6 58
6 16
2 7
4 85
1 60
10 87
8 95
2 13
1 24
1 29
2 19
2 18
3 69
7 9
5 21
5 11
9 28
3 3
7 61
2 81
9 10
3 62
10 59
3 21
2 11
5 9
4 83
6 65
3 76
4 57
8 82
10 70
8 45
10 20
9 67
10 13
10 42
8 10
4 25
1 74
1 15
6 4
1 11
2 56
4 22
7 82
3 68
5 11
1 9
8 46
2 1
7 19
5 94
4 79
3 53
3 63
2 95
6 75
8 49
2 66
8 86
9 70
6 0
10 71
3 98
2 81
5 43
2 14
7 70
4 63
4 52
7 47
3 84
10 8
2 8
9 99
1 13
2 11
5 70
10 11
1 28
8 63
6 92
1 90
10 54
4 53
8 28
6 1
9 6
3 93
3 81
7 68
10 94
7 81
7 82
1 60
3 54
1 89
8 67
5 35
5 19
7 67
8 63
1 83
3 15
6 23
4 83
10 98
4 49
3 39
6 23
8 9
5 42
10 72
8 80
3 39
6 92
3 43
6 51
5 69
5 52
2 14
6 83
7 41
4 81
4 39
1 8
9 12
9 0
8 88
4 3
8 74
1 79
4 88
2 67
6 3
1 95
3 62
4 75
6 33
3 13
8 58
10 13
7 35
1 46
3 76
2 90
8 16
7 40
2 6
10 39
8 46
8 77
3 61
7 55
3 37
9 47
1 49
7 7
10 58
3 95
9 54
4 1
10 93
2 43
10 47
10 28
6 4
10 82
3 13
7 74
8 88
2 19
2 58
2 54
7 38
1 87
1 39
2 25
5 73
9 5
1 65
3 40
10 24
5 91
7 47
1 31
7 37
2 26
5 91
2 16
1 69
1 0
9 69
4 4
3 30
2 72
1 95
6 1
3 31
9 66
5 53
5 33
2 3
10 93
6 82
9 76
2 21
3 58
1 11
8 18
9 21
6 83
4 72
6 37
1 5
3 0
4 73
3 93
7 89
2 41
4 25
10 89
2 42
3 5
1 75
4 93
4 82
9 60
8 38
7 92
4 8
4 26
10 56
2 68
7 25
6 15
10 92
1 42
5 74
2 78
7 4
10 58
10 20
7 86
10 88
9 83
8 85
6 93
10 96
2 37
5 22
10 48
10 38
9 55
3 70
1 49
8 30
10 66
10 43
4 28
10 70
9 48
9 65
8 16
3 4
3 42
6 2
5 60
2 61
10 55
2 29
1 57
4 100
7 9
2 7
9 1
10 49
2 10
9 37
8 25
10 17
3 16
4 71
8 52
6 41
10 72
1 42
10 31
1 68
2 55
6 70
10 20
10 32
7 10
7 34
9 69
4 48
3 70
2 76
10 97
6 46
4 7
1 10
6 39
10 82
7 78
1 43
3 69
5 91
5 8
8 48
2 71
6 29
1 80
1 76
6 80
10 90
4 73
6 13
8 89
10 35
9 0
8 97
7 100
2 30
4 4
6 77
8 71
7 54
8 44
8 61
6 73
7 86
9 100
2 71
4 3
3 36
5 100
4 22
2 66
1 70
6 4
8 30
2 5
8 5
9 52
2 99
10 41
9 90
5 14
4 15
9 87
6 82
8 65
5 100
4 52
6 72
6 33
8 64
2 83
5 86
3 63
9 40
10 99
2 60
8 53
6 50
9 43
1 60
6 55
9 28
2 85
9 32
10 46
9 65
2 11
4 58
5 83
2 0
2 23
8 90
10 98
6 28
7 62
9 51
10 100
8 0
3 84
10 47
9 33
7 7
8 18
10 27
7 71
4 79
6 45
5 36
2 8
1 78
6 26
1 33
1 32
2 13
9 66
5 26
8 60
1 65
10 97
3 57
4 97
4 23
6 18
4 15
10 70
2 37
7 39
6 100
9 61
10 69
5 4
6 41
1 19
7 54
7 3
5 30
6 23
4 5
5 35
7 95
8 61
7 65
4 32
6 63
9 27
8 80
2 25
7 69
5 83
8 14
1 25
6 18
7 6
3 4
5 11
5 85
6 79
10 76
5 53
5 66
2 71
7 41
7 93
2 66
10 91
9 98
10 76
3 43
5 75
10 57
4 61
10 94
8 57
4 32
6 28
9 87
3 11
2 76
4 44
1 15
7 39
2 22
4 33
8 95
6 71
5 97
10 59
5 34
7 22
6 6
1 45
6 35
6 44
2 8
1 77
4 72
3 64
8 37
8 1
4 42
4 23
5 23
7 48
4 99
10 50
8 72
2 37
9 43
1 36
5 28
6 35
7 57
4 53
2 47
9 49
4 44
7 81
1 85
6 15
6 2
8 74
10 29
1 48
9 55
4 18
7 44
6 37
7 67
9 59
7 43
10 89
3 36
6 20
4 83
10 75
9 98
2 71
6 64
1 23
7 54
2 67
2 88
8 0
9 58
10 9
6 10
3 48
3 21
5 53
4 47
7 65
5 60
9 81
6 26
1 41
9 17
7 61
9 1
1 58
3 20
6 11
2 55
1 73
6 63
2 3
8 47
3 35
7 5
5 91
2 58
6 4
9 65
5 55
10 23
8 8
7 31
8 93
10 80
5 64
9 100
1 54
6 84
5 49
9 70
1 30
6 6
9 100
8 59
2 54
7 17
9 56
2 58
8 60
4 83
9 16
2 69
3 17
7 11
9 44
3 50
9 92
8 24
10 35
9 65
6 86
3 60
1 63
2 24
10 63
6 69
6 56
3 64
3 10
1 25
7 98
9 23
6 14
10 64
8 29
9 56
2 6
3 35
1 36
5 35
5 92
3 12
3 16
2 25
10 96
8 70
10 68
7 94
10 77
4 34
7 42
2 51
4 3
7 77
10 19
3 93
5 21
2 40
3 3
5 5
2 89
3 87
8 50
7 37
5 66
7 76
8 94
8 90
7 97
7 62
1 92
2 63
6 17
2 54
2 72
9 57
6 61
3 44
6 78
1 8
6 53
6 92
8 74
2 7
4 14
7 85
4 82
3 82
4 20
10 65
9 65
5 6
5 5
7 10
7 1
7 38
2 51
7 49
4 86
2 25
9 48
6 29
5 11
7 43
8 40
2 33
3 93
3 76
6 37
4 13
4 32
5 86
6 41
9 81
5 27
1 71
5 56
6 91
6 49
2 4
1 45
2 54
5 49
2 0
7 58
10 54
1 91
3 20
3 50
5 98
1 68
2 93
2 16
4 4
9 99
6 98
10 72
3 27
7 39
5 99
2 91
6 23
4 44
2 7
5 51
10 56
6 50
3 1
9 74
7 16
3 51
1 0
7 46
9 13
8 83
6 34
3 51
7 53
5 72
7 57
9 71
4 83
8 65
1 12
5 47
9 91
9 64
4 19
8 60
6 83
2 18
6 98
7 79
6 94
1 13
3 82
5 45
1 44
7 16
3 32
9 55
10 32
3 75
4 67
10 0
1 82
6 42
4 56
4 35
7 97
3 6
1 83
7 43
3 98
9 37
10 91
4 49
3 61
10 84
2 18
9 92
1 58
6 65
7 2
2 89
3 61
8 18
9 0
8 60
5 6
2 33
2 94
4 94
1 50
10 48
2 99
10 79
7 49
9 87
5 52
7 38
9 76
1 50
2 32
7 6
7 29
3 23
10 37
7 87
8 38
6 70
6 26
1 92
5 75
1 57
4 14
7 37
8 34
10 9
5 44
10 25
3 79
10 64
6 85
7 94
1 78
1 13
4 2
10 71
7 49
5 33
1 99
5 18
2 30
2 67
6 61
2 66
9 22
8 51
3 51
3 60
1 43
10 53
10 15
1 81
6 27
4 16
7 16
7 72
2 47
7 39
2 61
7 55
10 48
6 10
8 56
3 73
7 61
10 67
5 47
5 65
3 2
1 15
6 40
1 60
7 46
3 73
7 53
7 16
4 47
10 93
1 30
4 72
9 24
6 91
4 33
10 47
8 55
7 63
8 54
2 22
4 25
1 58
7 68
1 56
1 71
6 13
8 80
4 28
10 33
2 36
3 39
2 70
6 69
3 90
7 22
4 50
6 30
3 6
5 50
7 8
5 51
7 1
5 13
7 8
5 81
3 82
1 99
4 86
8 63
4 20
9 7
2 90
10 82
10 9
9 77
10 50
8 17
9 31
9 5
9 15
2 50
2 60
1 56
10 92
2 45
2 15
1 47
7 62
10 51
1 75
3 91
5 41
3 86
2 17
9 58
5 79
1 23
10 92
7 13
3 51
7 91
1 27
6 7
1 77
4 4
5 5
10 68
4 38
10 68
8 9
6 46
7 52
9 90
7 21
5 58
6 45
3 13
6 75
5 35
3 47
4 62
8 30
3 87
5 19
4 6
3 14
1 97
10 61
10 17
4 67
8 77
8 70
4 9
10 44
7 25
9 52
7 33
4 51
10 61
4 5
1 44
8 95
9 57
2 14
2 88
8 77
9 32
2 23
10 26
7 76
4 52
3 30
10 14
6 48
10 77
5 60
8 1
2 62
9 3
1 63
8 79
6 33
1 76
5 81
2 61
5 16
8 38
6 5
9 74
7 93
3 79
4 8
5 28
4 36
9 30
6 79
7 0
10 71
2 35
10 47
8 3
4 53
5 12
7 23
6 99
4 81
1 3
2 38
5 89
2 31
1 99
1 3
9 98
10 33
9 98
2 58
5 37
5 49
9 26
6 44
6 54
1 46
7 0
2 1
2 67
6 44
6 35
1 26
2 41
6 45
10 95
3 20
7 18
7 77
8 81
9 34
9 0
2 49
1 23
9 83
9 86
2 84
1 98
9 11
7 47
10 8
1 77
1 56
6 10
1 70
9 27
6 39
8 48
10 0
1 78
2 34
8 36
6 36
8 28
4 82
7 3
3 6
6 2
5 27
9 18
3 39
1 96
10 12
4 95
4 35
2 62
8 58
2 85
7 75
6 11
4 45
6 56
10 33
9 14
3 10
3 16
4 9
2 1
1 78
7 11
5 7
1 61
5 85
7 58
5 68
3 20
9 62
2 99
10 97
2 5
5 89
1 68
6 67
4 44
4 26
10 98
4 100
7 1
6 19
7 96
2 47
5 74
3 61
1 17
7 7
10 74
9 51
4 47
9 80
3 65
4 49
5 9
7 32
1 47
3 3
1 52
6 41
5 24
5 19
10 64
2 7
7 38
7 62
2 4
4 92
3 48
7 6
5 87
8 92
4 21
3 14
6 50
10 84
8 36
2 32
4 99
9 82
4 95
9 16
8 53
4 50
8 60
8 28
10 56
3 94
6 10
10 17
8 11
3 70
1 33
4 73
10 38
7 11
10 33
8 89
8 68
3 1
6 56
6 84
10 85
8 47
1 52
1 27
10 76
10 56
10 100
8 80
5 9
3 3
9 95
9 66
2 47
2 57
9 6
4 75
4 53
7 69
6 53
8 98
10 62
7 86
5 36
3 59
10 54
6 48
1 99
3 80
3 97
6 43
9 61
8 71
7 72
7 80
5 66
1 44
9 32
5 71
7 23
3 55
3 60
3 46
1 92
10 30
4 86
9 66
2 63
4 79
10 88
8 0
2 40
4 89
1 29
3 38
7 1
7 66
9 78
7 41
7 54
3 50
3 87
8 21
5 93
4 81
4 23
2 62
2 50
10 13
7 40
5 15
10 34
6 92
10 6
5 57
8 8
10 87
10 70
8 76
1 31
5 58
1 23
9 50
1 43
10 62
9 78
5 76
9 23
2 55
3 15
2 27
5 53
8 35
6 53
8 14
6 33
7 10
9 24
1 61
7 76
10 92
9 31
7 17
8 50
3 66
3 62
4 2
3 55
7 13
9 39
5 5
5 79
7 70
6 91
10 11
7 97
6 76
10 59
9 54
1 91
10 36
6 97
4 93
5 54
2 83
6 55
8 29
7 49
3 94
10 83
8 86
4 100
9 21
4 26
2 78
9 44
7 15
6 44
6 21
6 73
5 79
7 36
9 91
4 38
1 59
6 81
5 93
10 1
8 58
8 77
9 34
3 55
3 17
3 91
1 13
7 77
7 87
9 44
3 96
8 61
3 48
3 26
8 52
6 26
2 78
6 99
10 52
9 20
3 38
6 16
8 7
8 65
8 53
1 87
7 90
10 70
2 1
9 99
5 29
5 8
6 1
8 55
9 22
10 97
3 49
2 70
1 38
3 50
9 23
9 65
2 74
9 9
4 36
2 7
4 9
4 58
3 57
1 1
2 95
8 100
1 47
3 64
2 29
6 68
2 59
10 37
1 26
1 75
4 91
5 40
3 48
10 23
6 87
7 42
9 5
5 100
1 66
5 67
7 15
4 30
6 14
2 35
9 13
10 94
8 12
2 69
1 56
5 59
8 22
7 21
10 40
6 71
6 90
6 72
9 38
8 77
8 96
9 12
8 11
9 44
7 87
8 59
8 12
10 1
5 40
10 75
1 61
3 86
3 30
5 76
9 79
7 27
1 73
8 76
7 54
7 93
5 39
2 55
6 60
1 66
2 16
10 95
10 39
9 67
9 85
4 90
8 88
6 26
2 38
7 85
6 14
2 58
8 71
4 18
10 7
1 21
5 2
4 70
3 22
8 50
3 58
3 71
7 63
9 15
7 17
4 30
6 94
8 50
8 13
6 73
8 78
3 2
10 52
2 86
7 58
6 18
2 19
3 30
5 89
2 84
2 21
10 29
6 27
5 3
8 50
9 17
2 7
8 51
7 87
4 50
1 31
7 20
1 82
7 11
4 53
9 56
1 89
4 60
7 71
8 51
10 45
9 63
10 96
10 49
4 95
4 100
10 39
7 25
3 5
9 35
7 51
1 97
10 73
10 71
6 52
6 72
7 30
10 27
8 100
5 87
9 96
9 26
6 0
8 27
2 82
6 51
8 43
8 55
9 34
5 65
1 30
10 86
8 46
6 59
6 90
3 7
10 13
5 19
8 23
8 35
2 65
2 15
5 81
2 98
4 30
3 93
10 88
10 68
4 35
4 15
10 3
8 3
5 52
1 25
3 44
2 33
6 32
4 47
7 18
5 29
3 29
9 25
2 79
6 1
9 22
1 5
10 87
10 56
8 43
3 87
2 99
9 12
8 73
1 4
8 6
4 46
9 88
3 41
7 23
1 66
4 37
3 15
1 37
7 52
10 30
1 23
5 92
7 32
1 1
5 72
8 56
2 38
5 38
10 77
2 73
4 50
4 73
8 9
1 92
3 16
8 67
10 57
7 17
4 94
2 30
5 54
10 66
9 98
4 60
5 64
5 18
2 40
3 47
3 13
7 79
1 38
5 30
3 23
6 63
10 45
2 18
4 79
2 90
2 50
8 64
6 38
5 43
8 4
4 62
3 10
9 95
5 16
3 79
2 25
2 39
3 41
4 97
8 83
5 32
5 62
5 97
10 18
9 38
10 93
7 9
5 65
6 44
6 7
1 100
2 21
1 22
10 7
6 23
9 44
6 61
5 62
1 41
8 38
2 23
5 91
4 28
9 63
10 72
6 38
6 26
6 24
3 74
10 56
1 7
3 3
2 19
2 13
8 68
1 70
1 84
5 16
8 40
5 44
7 28
4 89
5 95
7 1
1 17
4 34
2 34
6 26
5 40
4 67
6 80
1 26
2 44
7 66
6 78
8 3
3 75
5 94
4 74
8 23
6 46
7 53
7 59
1 89
8 23
2 50
7 12
1 20
1 46
6 39
9 68
7 41
10 58
9 64
2 36
2 59
1 21
9 65
3 18
4 93
4 28
5 93
2 80
2 25
9 56
2 45
7 75
7 13
4 94
3 1
5 14
5 68
9 17
4 4
3 7
2 10
9 50
5 34
6 13
9 22
6 73
3 46
5 69
5 65
6 84
10 81
3 74
7 62
4 39
8 10
5 91
7 28
5 99
1 83
8 23
3 27
6 18
5 35
6 54
8 4
6 32
2 80
1 37
3 83
5 78
5 17
3 59
10 82
6 64
1 62
8 56
4 5
4 11
6 23
2 28
6 67
1 90
4 73
6 57
3 18
4 37
7 5
7 38
9 79
3 100
7 9
4 55
5 45
9 60
6 14
1 6
3 12
5 22
6 76
9 15
10 50
6 43
6 9
10 39
1 28
3 41
3 0
9 27
1 59
7 76
4 21
10 89
4 17
4 14
4 46
9 4
2 16
1 56
8 21
3 11
5 29
3 97
1 63
1 68
9 71
1 59
4 60
8 7
1 50
8 25
2 85
8 29
4 20
2 97
10 42
10 7
1 21
1 58
6 15
9 25
4 96
5 84
4 5
3 8
6 59
9 6
9 85
3 28
9 66
9 79
5 86
6 30
9 58
6 11
6 19
8 68
10 74
8 99
3 91
6 44
6 22
8 86
1 52
3 25
3 83
7 81
1 17
6 16
8 13
10 6
6 13
7 10
2 97
1 43
9 34
5 50
1 87
8 66
2 19
9 0
7 38
10 25
1 75
6 95
8 14
3 43
5 6
4 39
7 14
8 91
3 59
9 44
9 14
3 52
1 54
7 27
7 93
8 83
9 75
8 10
7 92
5 5
7 89
10 90
7 10
7 55
5 7
6 38
2 45
6 31
5 21
1 87
10 53
8 76
1 68
1 59
10 100
6 83
4 71
4 100
2 4
2 83
7 18
10 16
5 42
3 25
5 72
10 16
8 13
9 7
6 13
5 48
3 43
5 4
7 36
9 0
8 42
3 34
8 4
8 41
5 54
7 15
7 10
8 4
6 81
5 42
3 17
1 2
8 34
3 28
3 69
2 69
3 76
8 62
2 70
1 48
5 38
8 9
2 40
7 84
4 22
2 77
7 57
2 32
9 51
7 68
9 71
2 20
2 66
1 36
3 30
3 7
2 33
2 77
3 86
4 7
9 38
10 96
9 37
10 61
2 45
8 78
4 64
7 82
8 74
4 81
4 69
1 24
7 14
3 38
2 25
2 97
10 3
1 98
5 65
9 35
9 40
2 87
1 43
5 89
5 56
4 23
10 35
7 59
2 95
2 30
2 76
2 61
5 95
1 1
5 72
2 2
9 38
9 29
4 66
8 23
6 32
1 98
2 87
5 31
9 77
2 58
1 1
3 30
4 83
7 39
10 81
1 47
5 77
4 13
1 55
3 7
1 40
8 30
3 61
3 28
10 92
3 64
2 54
9 100
3 53
1 51
4 81
5 34
8 60
10 99
8 56
8 1
8 12
8 98
6 61
6 99
2 17
4 37
9 90
8 44
7 93
1 97
4 74
9 54
2 64
5 21
6 99
1 89
9 93
2 27
10 69
1 8
7 39
8 70
6 87
8 40
4 69
4 57
8 80
7 86
10 68
1 99
9 96
6 36
7 93
1 35
1 80
3 3
8 11
9 39
7 41
6 17
7 95
7 89
5 2
10 94
10 75
7 8
8 34
2 88
2 66
3 71
1 58
6 51
2 74
3 65
8 55
1 53
3 45
6 45
4 35
9 32
10 61
4 96
9 29
2 8
2 79
5 60
8 25
5 63
1 31
7 14
10 60
6 91
5 4
10 41
8 23
10 6
9 95
3 43
3 12
1 7
2 45
7 29
9 19
4 0
3 20
9 47
1 48
6 33
4 13
1 29
10 97
3 12
5 96
4 24
6 14
9 55
2 74
9 5
9 10
7 12
4 77
5 83
2 2
2 97
5 44
4 10
2 62
2 17
6 5
9 89
1 45
9 78
9 48
4 22
7 75
6 75
3 92
8 24
6 14
8 42
10 4
1 17
5 73
3 81
4 42
1 33
3 37
6 63
3 49
9 12
7 66
3 93
1 94
5 75
6 1
10 47
4 51
1 87
1 9
3 38
1 0
6 56
4 88
9 46
5 24
6 32
6 82
2 2
7 6
9 44
10 72
9 3
1 64
5 21
5 86
9 27
2 55
8 43
10 71
5 7
3 73
7 25
8 78
2 46
4 9
5 42
9 23
2 81
3 71
10 31
6 62
8 65
3 44
7 11
3 31
3 93
6 37
10 98
8 6
9 23
9 12
4 56
2 44
9 64
3 66
4 41
10 18
4 40
6 63
5 2
1 10
2 61
2 93
7 13
8 72
1 9
3 48
6 72
7 49
10 28
10 76
3 20
7 38
8 67
5 64
10 33
7 48
10 76
3 6
3 36
3 77
6 23
8 73
7 13
5 81
1 14
10 2
8 4
2 39
5 29
10 18
9 79
7 51
5 56
10 45
5 76
10 55
4 21
7 33
3 10
2 38
1 38
2 79
7 46
9 69
2 78
9 31
3 14
8 98
10 86
2 15
1 77
1 83
1 71
5 77
5 91
7 61
7 35
10 61
7 1
4 0
4 87
2 28
2 39
7 50
6 13
1 34
3 90
1 23
7 1
4 63
8 30
10 24
6 22
1 60
8 83
2 73
5 78
7 98
8 32
3 42
10 40
10 88
8 93
2 74
2 52
5 3
7 75
1 89
2 68
9 48
6 37
9 53
3 30
9 92
10 89
4 16
3 82
3 95
1 32
8 71
7 12
8 7
2 74
9 63
2 64
1 34
4 87
1 12
9 64
1 97
6 27
7 95
9 53
7 11
3 61
1 81
9 59
4 44
9 56
2 56
5 23
6 46
7 51
10 49
4 44
1 72
2 65
9 61
9 65
1 68
4 72
2 27
9 40
1 9
10 40
8 97
4 9
1 43
6 88
7 42
6 53
8 94
2 19
2 97
4 82
3 98
8 35
8 62
9 79
7 76
2 5
1 31
3 83
9 93
3 60
2 21
9 55
2 20
7 8
3 67
5 89
7 12
9 67
10 100
4 20
9 89
9 25
5 88
9 52
10 17
3 77
4 92
4 23
1 10
4 25
9 50
2 8
5 52
8 98
4 38
1 92
1 73
10 61
4 3
9 73
2 11
4 54
9 86
9 78
5 26
2 43
3 20
9 1
3 67
7 74
7 45
4 17
7 63
10 80
10 97
1 86
1 88
2 64
10 62
10 52
10 59
9 84
7 42
2 42
5 54
6 42
1 94
4 95
1 49
4 18
9 8
9 48
9 56
6 24
4 45
5 98
2 3
2 49
1 60
7 88
9 1
6 11
7 59
6 13
3 58
10 73
4 31
4 48
1 63
1 95
3 29
1 8
4 69
5 29
7 97
6 42
6 17
7 35
3 16
5 22
9 96
8 36
4 5
2 3
7 45
7 28
6 74
4 0
2 29
2 27
5 79
8 62
5 89
10 46
5 21
2 89
8 53
2 75
2 32
9 11
10 64
3 84
5 20
5 100
8 38
8 46
10 56
7 50
9 41
7 61
8 0
6 87
10 62
1 88
5 60
1 41
3 97
3 27
4 17
4 15
3 8
3 46
1 62
1 53
8 60
1 76
9 96
6 30
5 19
7 81
1 36
9 78
2 78
10 2
6 28
1 36
10 46
8 67
3 71
4 48
10 38
9 5
7 48
1 54
9 93
3 47
9 55
2 10
2 85
7 65
5 99
3 66
6 79
6 76
9 83
4 45
8 65
2 68
4 90
10 0
7 30
3 45
6 14
2 20
1 37
7 9
9 45
5 72
10 44
1 3
4 41
5 94
3 55
9 38
3 84
1 46
5 18
10 68
7 63
6 40
2 45
7 100
5 48
10 46
1 35
6 3
2 1
5 97
3 42
8 86
6 8
8 13
10 29
3 61
1 43
6 27
10 65
5 48
4 35
5 46
10 91
2 42
10 81
5 1
10 5
10 99
10 69
4 32
7 0
4 89
9 90
4 92
8 100
8 67
9 26
4 38
6 72
8 68
7 34
9 52
7 54
10 7
1 16
4 34
1 95
9 42
10 89
8 82
5 25
1 32
3 5
2 3
7 13
6 83
10 16
7 64
7 59
6 39
8 26
9 34
2 85
3 89
4 40
2 9
6 69
10 10
3 90
10 30
5 20
6 70
2 19
2 2
5 45
9 2
6 75
1 66
8 8
3 63
9 36
6 12
6 29
6 40
3 85
6 46
9 46
3 13
4 73
7 79
6 27
8 46
2 77
8 20
2 12
4 27
3 22
10 88
8 90
5 60
1 62
4 22
9 14
6 27
6 74
5 94
10 13
1 95
8 79
8 50
7 100
10 36
9 68
5 38
6 21
8 40
1 53
3 93
8 99
4 31
7 47
5 0
5 91
5 68
3 33
2 79
3 57
1 57
5 82
8 75
1 1
7 10
3 71
10 9
10 32
1 27
10 50
9 54
8 13
5 20
6 45
9 97
3 73
3 32
7 41
6 16
10 80
2 58
10 56
2 30
2 27
2 100
8 94
4 40
6 74
8 95
4 69
6 88
2 8
3 30
8 0
10 93
4 19
7 65
2 30
2 2
2 23
5 95
5 45
6 77
10 67
8 54
2 4
8 39
3 19
1 75
3 93
10 10
1 40
4 29
3 78
1 78
4 4
2 99
8 40
2 44
6 75
3 35
9 1
1 6
6 64
8 67
3 94
7 13
9 12
7 70
9 31
1 79
4 12
2 60
7 32
6 76
9 40
6 79
5 57
2 37
2 65
6 94
3 98
3 67
3 18
3 99
5 95
3 55
5 48
9 77
3 47
7 26
4 17
1 13
1 93
2 57
5 87
4 90
7 21
8 85
9 42
6 85
7 91
7 7
1 7
4 35
10 85
10 12
7 11
4 41
4 51
6 20
10 62
1 45
4 54
1 18
3 20
7 54
6 28
3 18
1 100
5 80
7 63
3 95
9 65
7 50
7 84
1 43
2 40
8 90
4 72
2 51
8 27
10 44
1 70
9 89
1 12
3 40
2 62
10 65
6 28
7 4
4 64
5 45
5 93
5 38
1 15
10 53
4 96
6 53
2 6
3 30
1 49
4 0
1 12
2 43
10 61
2 71
5 52
1 21
7 47
6 99
9 47
3 34
3 33
3 4
6 12
5 63
3 80
3 0
4 79
4 16
3 71
5 51
4 58
1 66
4 70
5 26
2 40
10 44
9 69
5 47
1 82
9 22
7 52
2 63
2 6
4 88
9 58
10 48
3 39
4 5
4 67
9 34
3 37
4 2
10 14
1 39
3 58
5 35
5 90
1 57
2 19
10 63
9 52
7 23
5 7
1 41
9 13
2 48
3 62
7 21
7 42
5 21
6 97
5 72
4 83
5 85
5 15
9 56
4 28
5 9
1 6
2 48
8 72
5 55
3 76
2 67
8 34
7 84
4 27
6 23
5 20
1 73
4 57
6 81
9 1
2 14
3 47
5 29
7 82
7 68
5 46
9 49
5 60
5 59
7 25
2 37
8 36
9 76
9 71
3 71
3 4
1 61
3 55
9 0
6 98
2 39
3 50
4 96
6 88
6 96
5 89
1 18
7 69
4 100
3 80
8 45
9 26
2 10
8 3
4 15
8 23
9 79
1 72
6 10
4 46
2 15
1 14
6 94
9 65
9 16
4 32
10 58
4 29
8 53
5 83
7 44
9 39
8 3
2 76
5 26
3 71
1 90
2 48
5 100
3 22
4 38
10 53
7 80
4 65
10 78
9 64
8 90
2 55
2 42
9 43
8 25
9 67
1 30
1 18
1 87
3 80
7 5
8 55
9 77
8 69
10 56
5 46
3 45
5 34
8 78
1 100
3 31
9 65
6 58
8 96
5 44
5 47
9 87
8 93
1 83
4 5
4 60
8 37
10 29
10 87
6 71
2 60
1 6
3 65
5 79
3 83
2 68
3 57
3 21
8 26
7 49
7 63
6 82
6 5
5 24
1 67
3 8
6 89
7 75
1 73
7 99
10 69
5 96
5 77
8 87
9 20
7 5
4 78
1 66
4 19
10 57
9 50
2 6
9 71
10 67
3 92
1 44
10 98
10 75
1 45
4 25
1 0
10 0
10 94
2 14
1 8
5 64
9 14
9 30
6 15
2 47
1 52
4 15
10 89
10 4
10 77
4 39
2 54
9 18
7 8
4 25
5 51
3 15
7 9
3 10
9 57
1 52
4 66
9 21
8 80
3 94
3 84
5 33
9 87
9 18
4 44
10 20
3 73
9 61
10 27
3 93
5 10
9 16
3 30
6 31
10 96
5 65
9 25
9 18
5 32
7 63
8 81
4 75
2 65
7 18
2 84
2 36
1 50
1 78
5 89
5 32
1 49
8 21
2 67
1 19
3 50
5 33
7 53
7 48
3 16
5 33
6 40
6 96
5 60
4 77
10 69
6 21
6 52
7 93
10 21
3 81
2 63
2 54
1 29
7 34
1 86
3 3
4 92
3 65
1 24
2 50
4 15
5 82
8 61
4 26
2 15
6 91
1 21
2 80
6 38
4 13
4 19
9 1
4 48
5 75
7 71
4 59
10 21
5 50
1 3
3 82
8 82
4 61
5 66
7 31
4 43
2 69
1 8
6 41
9 47
3 34
8 43
9 36
10 20
4 29
3 83
7 74
10 21
5 39
2 25
5 29
10 34
1 67
8 12
6 49
10 93
7 14
3 58
5 34
3 41
3 62
5 89
9 94
4 82
4 50
7 31
4 36
6 99
10 48
5 46
7 8
8 73
10 19
4 15
3 18
5 61
2 8
4 5
8 50
2 7
5 22
5 97
1 9
7 31
4 54
9 99
10 27
3 67
10 93
1 53
2 53
3 50
3 94
3 56
3 74
8 54
9 25
9 20
6 5
2 65
9 9
8 7
3 21
3 98
3 14
3 11
10 10
4 64
8 85
6 69
5 40
10 26
10 32
6 41
6 8
1 40
4 30
5 43
5 29
3 73
6 34
3 67
9 22
10 30
9 9
7 57
7 45
6 97
9 80
1 10
9 42
7 55
6 50
10 27
6 32
8 49
8 67
7 25
7 86
5 34
1 99
2 43
6 90
7 42
9 86
3 2
2 51
3 55
5 2
10 33
5 95
10 3
9 1
10 30
4 22
1 68
6 35
7 89
5 73
5 87
2 55
10 39
4 54
5 36
1 31
3 42
2 24
5 2
3 32
4 47
2 13
10 92
2 11
5 70
1 3
1 94
5 6
4 13
3 62
5 55
2 31
9 23
10 96
5 59
4 45
2 89
1 27
10 62
7 3
3 35
2 78
5 5
2 60
3 48
1 45
8 42
2 11
9 15
5 77
9 52
1 36
5 47
9 25
5 44
3 35
1 56
8 15
4 66
7 96
7 36
9 77
10 21
4 81
3 5
5 65
2 6
10 23
4 56
9 35
7 85
10 66
9 3
8 3
8 13
8 95
4 33
1 60
6 70
2 0
2 41
9 76
5 0
1 85
2 79
7 99
4 2
3 58
4 80
1 36
8 83
8 48
3 1
5 14
5 98
6 84
7 9
1 60
1 26
1 46
8 45
10 34
7 77
5 91
1 87
1 43
5 36
3 6
5 17
8 35
7 100
5 78
9 87
2 24
1 47
3 48
10 59
8 77
10 8
10 32
6 90
2 14
2 7
4 45
10 37
8 65
2 99
6 82
5 2
6 72
10 32
2 66
1 83
7 1
5 64
1 13
3 19
9 32
3 5
2 23
2 100
6 56
1 14
5 44
1 98
5 86
4 41
6 32
6 7
3 2
3 70
9 78
8 76
7 85
2 27
9 10
5 85
7 7
5 45
2 0
10 26
2 8
7 56
5 66
4 94
9 56
10 3
2 88
9 35
2 62
9 46
1 60
8 75
8 91
4 70
8 51
1 47
4 85
6 15
1 78
8 53
4 91
7 66
10 31
4 14
5 100
5 17
7 3
4 79
6 27
10 75
8 49
5 58
9 17
8 88
5 39
5 66
8 61
9 19
5 11
1 77
7 50
8 4
8 51
2 84
1 35
7 82
3 24
8 35
1 78
3 72
4 66
6 54
6 54
8 83
6 21
1 47
7 88
4 85
10 27
3 4
3 59
5 85
10 35
7 50
2 56
1 75
4 41
10 11
10 70
7 69
9 77
9 45
2 99
3 13
2 45
4 45
9 10
4 6
3 53
2 22
1 76
10 11
8 46
1 98
6 66
5 45
7 62
2 25
5 52
5 39
3 30
6 18
10 56
5 37
9 12
1 81
2 49
10 31
7 17
2 3
1 28
5 36
6 64
2 78
9 17
7 1
10 16
3 94
6 6
2 41
4 11
10 34
6 65
10 90
4 55
1 0
2 63
6 24
8 68
2 17
2 34
1 66
1 16
6 50
5 96
3 46
8 27
5 62
10 28
8 56
1 20
5 49
3 8
7 41
10 86
5 46
4 1
8 3
9 100
2 25
3 34
3 74
5 54
4 5
2 47
1 63
1 88
4 76
9 61
2 36
3 13
4 34
3 11
2 24
6 22
6 85
6 87
1 22
3 73
7 61
4 53
5 76
4 7
8 21
1 51
6 24
2 48
2 61
6 46
9 9
8 73
2 64
3 65
2 96
5 38
2 32
4 63
9 80
9 92
1 44
3 31
3 38
3 17
1 94
6 6
8 54
4 89
1 5
2 43
1 71
4 4
7 62
2 25
7 91
8 9
1 89
3 36
6 75
4 17
9 13
6 27
2 73
7 66
8 57
8 35
10 35
1 10
5 38
9 94
10 49
3 79
2 65
1 75
4 49
2 67
9 45
8 93
5 92
9 60
5 43
4 48
7 60
1 39
7 66
3 92
7 35
5 0
4 59
1 87
2 8
2 76
1 86
8 48
4 16
9 56
10 48
6 99
10 85
1 52
8 96
7 63
1 94
3 52
8 15
8 85
7 57
2 62
2 60
7 85
5 27
1 32
5 90
5 30
8 25
4 88
3 52
7 2
3 64
1 84
9 57
5 71
4 10
3 0
9 34
4 21
4 6
2 8
3 23
9 63
5 45
4 12
1 20
6 68
2 42
9 84
6 98
1 97
1 21
10 51
4 53
10 2
4 80
5 27
2 33
10 41
7 13
2 65
1 47
7 38
10 42
6 23
3 54
4 62
2 100
1 16
8 34
6 93
3 50
9 77
10 40
3 37
1 64
1 56
6 3
2 98
8 30
7 7
8 13
6 84
3 18
3 17
1 10
10 40
8 87
8 11
5 6
10 43
4 42
7 71
2 24
2 66
10 16
7 11
4 8
9 12
1 31
8 92
6 69
5 42
6 73
4 42
10 36
2 58
1 34
8 83
1 26
1 61
6 76
5 24
10 43
7 63
6 93
9 99
2 33
3 18
4 99
2 16
5 78
1 63
7 33
10 1
10 14
2 38
9 4
7 27
2 83
8 52
7 75
8 80
4 69
10 90
8 86
5 4
6 72
10 35
4 93
6 30
5 45
7 30
4 45
1 63
8 92
4 36
1 84
1 14
6 49
3 48
5 78
6 15
6 51
6 86
6 83
2 95
6 94
1 17
2 85
6 14
7 66
9 33
4 8
7 22
3 3
3 67
7 36
10 82
8 59
9 87
6 61
4 82
10 68
8 19
8 5
4 19
10 75
8 63
9 71
7 69
4 32
3 66
2 82
8 5
1 69
1 17
3 70
8 97
9 11
4 87
7 32
2 7
4 41
4 24
1 9
7 6
2 51
4 68
3 62
6 27
5 8
8 86
9 94
2 82
2 57
6 28
8 78
4 49
3 66
2 6
7 16
4 7
1 84
7 33
8 36
9 37
2 96
8 99
5 49
10 100
1 10
3 21
8 88
2 56
1 51
1 66
3 5
6 64
10 52
7 42
3 17
3 87
5 5
8 48
10 2
3 79
6 5
3 79
3 74
10 82
6 16
5 24
3 1
7 84
7 39
4 52
6 18
9 99
4 99
10 52
7 88
3 19
7 48
7 85
8 24
1 26
8 9
4 18
10 68
5 83
7 22
8 23
1 71
6 7
7 75
7 77
1 15
7 70
3 2
3 7
2 87
1 43
2 57
9 14
5 76
3 6
8 63
3 7
3 26
1 95
9 17
9 69
3 36
8 21
3 66
1 40
2 94
9 77
9 36
6 52
1 63
1 29
6 2
7 38
4 50
3 22
10 25
9 85
7 31
4 63
10 37
2 77
2 36
2 75
2 67
5 97
10 70
9 41
10 74
9 91
6 56
7 35
4 20
8 65
4 91
1 6
10 88
2 32
10 8
9 98
6 75
9 9
1 59
5 70
7 66
10 96
9 34
5 47
7 92
2 11
7 56
8 71
2 9
3 10
9 68
3 29
10 75
2 48
10 83
2 97
6 20
1 71
3 41
8 1
4 2
5 40
6 89
3 62
10 98
10 20
4 58
3 86
6 6
6 65
7 21
4 13
1 65
7 90
1 81
3 68
9 58
7 24
3 20
2 39
3 12
10 53
10 8
6 43
3 48
10 83
6 84
2 51
8 67
3 37
3 81
1 18
6 90
7 12
7 33
6 74
7 83
3 59
8 60
10 44
10 23
8 21
3 4
1 30
3 90
2 79
7 92
10 87
2 71
7 66
8 37
1 73
9 76
1 98
1 78
2 88
4 84
5 87
9 53
4 34
4 31
10 66
6 16
7 35
8 100
6 53
3 7
6 51
1 11
5 15
9 73
5 43
4 68
9 47
10 54
2 8
6 86
10 24
2 15
2 51
5 91
10 22
6 42
1 83
7 38
2 34
5 20
5 49
9 46
3 18
9 3
4 58
5 50
4 55
2 62
8 37
10 3
9 4
3 60
2 75
2 68
9 61
7 57
8 5
3 56
5 23
8 79
9 3
3 13
5 19
5 33
1 74
1 14
5 4
7 22
9 7
1 65
5 26
2 39
6 11
4 43
9 5
10 53
2 19
7 49
9 9
4 68
1 30
10 77
6 63
2 3
4 73
5 98
9 56
5 76
1 55
5 55
5 1
5 72
8 46
7 40
4 40
2 23
6 43
8 92
4 94
1 67
5 66
5 92
3 70
1 23
10 14
10 52
7 61
10 23
10 19
6 70
9 78
9 79
1 53
5 21
7 76
7 76
6 17
4 43
3 63
7 52
1 7
10 69
2 33
5 33
4 27
2 11
8 92
7 94
6 43
1 50
10 70
5 85
10 85
8 39
10 97
5 47
2 16
3 23
3 16
4 83
1 97
8 47
4 0
6 97
3 99
9 40
1 36
2 3
4 28
5 44
2 67
8 97
3 48
9 67
4 8
8 20
5 39
2 23
8 99
10 59
6 43
6 55
4 31
7 67
4 65
7 44
2 40
2 74
1 0
10 41
1 77
1 0
6 46
8 63
8 69
2 52
4 21
1 44
7 22
7 7
4 98
7 95
4 15
4 42
7 94
4 98
1 59
8 88
7 96
7 64
5 93
4 16
1 82
6 87
2 77
5 87
4 70
6 79
5 68
1 85
4 39
7 9
1 52
1 68
2 2
2 91
8 86
8 21
2 64
8 23
4 29
7 38
7 69
2 66
6 80
4 48
8 52
1 1
7 63
5 6
9 0
6 5
5 41
1 0
9 23
9 55
3 5
6 82
1 77
2 45
3 73
9 2
9 35
5 75
6 59
7 47
10 26
9 25
8 46
6 2
5 44
1 19
10 42
2 100
4 12
7 90
3 21
6 55
1 52
4 29
8 66
2 30
3 95
10 44
5 86
2 63
10 58
2 62
4 33
4 83
3 26
2 80
4 2
2 24
6 13
10 10
4 86
1 68
10 48
3 16
6 27
1 69
2 29
4 4
5 6
4 98
3 54
6 44
3 12
9 67
1 19
10 74
2 0
7 98
4 63
4 12
8 75
7 77
9 17
4 85
2 49
8 12
7 93
8 17
6 95
8 33
7 85
10 64
7 54
4 75
2 46
6 12
3 55
10 84
10 38
10 94
4 57
5 15
4 73
8 49
7 93
3 60
10 29
3 26
8 43
6 52
10 30
6 59
3 1
7 40
3 80
6 22
3 40
5 77
4 24
3 91
10 98
9 42
2 10
5 23
1 82
6 49
8 11
3 93
1 59
7 79
7 18
10 7
5 63
4 59
4 69
8 46
3 88
10 15
7 27
4 30
7 34
2 4
1 15
3 13
1 19
1 55
9 54
1 41
4 66
10 15
3 95
5 27
8 14
1 59
8 42
1 11
1 29
8 36
2 62
1 9
2 75
2 20
10 2
4 62
6 34
2 17
4 22
9 6
2 39
3 73
6 66
9 52
10 51
9 76
9 54
8 96
7 48
3 56
7 25
2 10
10 92
1 93
7 52
3 93
2 78
3 38
9 70
3 36
9 22
5 45
5 60
1 86
7 97
5 97
3 78
4 24
9 50
5 5
7 90
4 64
7 25
8 27
9 27
1 80
7 4
4 33
3 96
3 19
10 84
10 7
3 4
3 39
3 76
9 59
8 66
8 74
6 95
10 13
6 75
2 33
6 30
2 100
1 8
4 8
10 54
3 75
1 37
6 80
3 13
3 69
1 84
10 61
3 45
9 11
7 45
8 45
1 16
10 83
4 61
1 61
3 11
1 57
10 25
5 16
5 31
2 9
9 27
7 80
2 11
3 74
10 52
6 69
6 69
1 77
10 7
6 7
7 10
4 41
7 32
5 79
6 34
8 56
6 18
1 44
1 26
1 1
4 54
7 79
2 50
10 3
1 84
7 81
4 2
8 15
3 73
4 82
2 48
7 9
8 62
5 15
7 24
10 70
2 28
7 45
7 43
8 36
10 64
4 79
5 86
2 41
7 24
3 77
7 68
5 42
10 97
9 72
1 26
2 85
7 2
2 36
1 99
5 97
8 17
2 55
3 17
3 19
9 99
10 33
4 10
10 5
4 70
9 16
7 7
6 51
2 32
1 28
4 50
6 54
4 80
9 91
2 67
8 43
4 37
3 62
7 14
3 37
3 88
4 61
9 86
2 76
3 7
3 60
4 27
8 22
10 33
10 54
2 63
6 17
8 17
8 28
2 12
4 74
7 51
8 4
9 65
8 87
8 36
3 50
10 32
9 17
9 90
4 93
3 100
8 34
5 37
5 72
10 72
4 7
9 90
3 16
5 8
4 64
2 92
10 13
9 11
3 48
5 44
5 59
8 67
1 53
7 5
6 56
7 13
6 55
4 10
4 51
7 75
8 85
7 69
7 7
1 58
8 51
10 24
8 62
2 35
7 81
3 26
5 5
9 75
10 21
3 60
3 59
10 58
8 92
4 34
4 70
9 99
1 91
5 68
1 96
7 30
10 14
10 24
4 34
9 95
6 25
5 70
10 81
5 64
10 5
4 73
6 47
10 99
1 79
9 1
6 31
8 2
7 31
3 96
3 30
10 78
7 16
4 4
3 16
4 22
8 80
5 50
10 60
9 91
1 86
6 5
9 31
5 8
9 34
6 38
8 9
8 34
6 4
8 21
8 30
4 3
7 88
3 83
8 13
8 19
3 49
8 22
5 30
7 17
1 11
9 9
4 8
6 13
1 18
3 30
2 63
1 67
9 76
8 35
9 86
8 47
7 31
3 90
3 96
5 59
1 11
1 91
7 63
1 18
4 70
4 81
3 82
9 76
2 78
7 82
10 47
9 7
4 34
2 90
5 97
3 94
1 8
8 3
6 37
8 100
9 74
9 25
4 0
9 21
5 21
6 0
1 23
2 57
7 20
4 57
3 62
1 12
9 51
8 40
3 37
10 2
3 39
10 36
1 33
3 32
10 65
7 89
10 78
2 16
3 37
8 44
4 56
9 67
8 66
3 42
7 80
3 93
6 91
8 95
10 40
6 35
8 25
2 13
4 11
10 89
9 29
10 26
7 63
