10000
1 34
2 22
1 53
9 89
2 34
1 81
4 5
6 79
3 33
2 59
6 50
5 95
2 49
10 28
10 2
2 18
3 53
7 84
9 65
4 2
7 30
4 40
10 69
2 81
6 26
2 33
8 93
7 78
10 25
1 88
3 2
4 71
7 14
2 89
10 56
5 15
3 97
9 42
6 67
10 36
7 93
9 75
8 64
6 56
6 1
5 8
8 26
8 89
4 91
4 92
4 79
3 2
3 47
2 30
4 10
4 52
7 0
6 83
1 61
6 39
3 27
10 93
5 31
3 17
1 29
2 48
6 0
6 96
4 11
2 88
3 62
6 87
7 23
4 91
3 82
3 73
9 87
2 63
9 91
8 45
5 48
3 46
9 61
3 92
9 2
3 16
4 76
3 90
8 53
4 90
3 87
2 96
2 42
8 87
10 2
4 88
3 2
5 11
1 77
4 97
5 49
3 77
4 39
10 81
8 5
4 55
8 11
1 50
3 65
7 24
2 85
1 53
3 93
9 26
7 71
3 11
5 35
10 97
2 3
5 64
9 13
10 86
5 70
3 88
5 57
9 11
3 11
7 96
6 61
8 41
10 19
1 35
2 40
1 53
7 34
1 33
8 84
8 50
9 16
10 83
10 64
9 28
8 45
2 100
5 38
6 62
10 80
6 75
1 74
4 43
10 43
8 43
2 74
4 97
10 21
5 64
1 12
9 3
5 80
7 52
2 51
7 7
10 59
1 46
10 99
7 28
5 10
9 58
3 26
4 35
8 48
1 78
7 92
4 98
8 3
5 37
8 3
1 93
4 31
9 26
6 97
7 8
8 19
4 13
6 12
4 16
4 18
2 61
10 31
4 56
9 71
6 5
1 78
3 13
4 38
8 36
3 45
1 54
1 18
8 93
5 95
3 26
3 86
4 13
7 85
2 54
1 66
4 46
4 6
1 32
7 61
5 11
10 13
6 54
1 47
6 22
8 26
3 30
5 17
10 8
3 89
3 22
10 0
2 71
6 61
1 68
8 14
10 38
10 71
8 42
1 4
7 92
7 80
9 7
8 17
8 12
2 11
1 14
1 56
9 56
5 2
6 10
6 79
8 46
9 85
3 61
4 40
9 5
2 61
10 14
1 54
2 20
1 56
10 76
5 92
2 10
3 43
6 60
7 68
5 61
4 94
4 82
1 79
2 77
9 6
8 66
7 39
4 82
1 77
4 63
7 21
1 28
1 5
10 40
3 87
5 39
9 75
5 19
10 1
9 19
2 86
8 23
4 99
8 92
2 71
10 70
9 28
4 17
4 60
2 3
8 76
3 82
7 56
9 44
1 21
5 23
9 17
4 1
7 94
1 93
10 39
4 71
2 18
1 38
8 75
8 6
4 3
2 66
4 67
8 62
6 29
4 45
10 84
3 71
6 54
1 49
7 85
6 70
3 28
5 41
5 33
9 22
5 71
3 7
10 3
5 53
10 98
8 57
8 12
4 20
9 47
6 77
8 36
10 73
9 10
6 90
7 45
9 31
4 86
6 54
5 30
6 77
7 2
10 45
9 6
4 92
9 22
4 94
9 56
6 27
7 55
3 36
6 49
2 41
1 2
1 47
2 92
10 71
2 47
7 38
1 65
10 41
6 30
5 3
10 85
7 25
6 32
8 78
6 79
8 51
1 67
1 36
10 6
6 55
2 66
7 82
2 17
9 84
7 8
1 25
2 30
1 89
8 64
6 4
9 30
10 76
2 74
8 81
8 15
7 71
8 56
4 48
4 74
7 72
2 97
7 76
6 42
8 98
7 4
2 27
10 16
10 87
5 7
1 95
2 2
7 78
1 93
2 50
1 47
7 12
2 98
4 98
3 33
5 27
8 50
10 14
3 48
4 96
2 80
9 30
9 17
6 59
9 97
4 38
1 32
3 74
4 44
6 47
2 61
1 73
10 18
7 17
1 15
2 39
1 17
5 25
10 58
9 65
2 2
4 23
7 74
2 15
7 29
2 81
10 58
4 29
3 21
8 45
4 93
8 16
5 1
6 87
2 49
1 86
4 69
4 18
5 55
5 1
10 32
2 63
9 13
7 40
9 3
2 26
6 79
8 78
8 42
8 95
8 49
8 1
5 59
2 83
8 45
8 2
7 38
7 55
2 3
9 80
9 61
9 39
2 61
8 33
4 72
10 4
2 60
6 74
10 71
2 53
10 98
3 68
8 69
10 57
5 84
6 36
9 74
10 11
10 10
3 29
7 47
10 0
9 90
5 40
4 42
10 14
8 38
2 21
6 30
10 16
1 31
9 88
4 84
1 27
2 60
3 41
8 64
9 89
8 94
7 7
1 36
7 5
3 89
2 10
1 72
9 92
9 45
4 37
5 6
9 43
3 16
7 84
1 81
2 44
2 4
3 46
10 68
1 18
7 7
3 37
2 18
5 41
9 86
6 68
5 54
5 68
3 78
7 68
4 32
3 19
9 41
6 3
4 55
1 100
7 66
2 64
2 86
1 66
1 7
2 40
8 41
4 7
2 64
3 13
2 45
3 35
6 8
8 33
2 24
5 7
8 18
4 100
7 34
8 75
1 11
3 96
3 68
6 65
10 65
7 67
7 86
7 85
6 1
10 34
5 100
2 66
9 1
4 38
9 94
4 26
5 39
7 22
7 72
1 15
1 13
5 73
4 15
4 82
10 85
3 67
2 4
8 6
5 51
10 70
8 26
9 74
9 8
7 13
6 50
2 2
6 97
6 58
3 42
4 82
8 8
4 98
3 87
10 35
5 43
9 32
3 3
7 64
7 18
10 87
9 58
3 63
7 64
1 49
7 82
1 80
1 73
10 88
7 51
8 34
4 18
7 48
7 48
7 81
8 52
6 37
8 90
7 98
9 2
3 85
4 88
1 21
1 39
10 63
6 79
5 20
5 75
8 48
10 36
6 56
6 11
10 95
4 70
3 85
3 44
8 15
1 41
7 69
6 90
9 77
1 37
8 57
10 47
3 59
1 16
3 22
3 57
1 42
8 24
3 6
2 58
4 99
9 48
4 18
3 7
1 12
5 84
5 47
6 87
4 82
8 31
4 32
7 27
8 56
9 85
5 94
3 39
8 44
3 71
2 76
7 57
8 77
4 90
1 22
6 12
2 60
6 70
3 21
4 0
6 70
3 40
8 31
1 21
3 39
9 15
2 42
8 67
1 97
5 63
6 67
1 6
1 41
4 99
9 29
2 10
1 90
10 29
5 50
10 60
8 59
7 88
1 23
7 74
3 58
10 43
2 44
4 36
1 13
6 72
9 72
4 88
10 81
1 15
3 8
8 36
5 89
10 95
10 69
6 61
10 60
9 62
5 2
5 78
1 91
8 96
6 12
4 36
8 12
10 53
1 46
10 47
2 91
5 84
3 13
3 57
9 98
2 69
8 46
7 87
3 90
8 64
1 48
9 100
5 91
1 70
8 15
7 56
2 75
2 85
1 92
5 82
10 87
10 81
4 20
9 38
3 16
3 30
5 77
9 15
8 84
4 99
7 52
7 32
3 18
5 34
1 45
3 21
2 35
3 72
4 98
4 80
1 89
9 51
2 76
8 60
7 16
3 94
5 31
9 13
6 65
8 34
8 0
4 13
3 49
8 93
1 92
7 85
1 3
4 14
10 29
3 45
1 90
2 69
2 67
5 36
3 27
10 48
1 34
1 4
9 100
3 91
5 34
7 30
6 37
4 14
2 30
9 30
5 52
2 76
1 23
9 36
9 76
4 56
7 95
10 93
5 87
7 87
1 30
6 45
4 61
7 68
4 50
7 19
1 23
8 32
1 45
7 20
4 68
4 20
1 65
8 4
7 67
6 24
5 38
9 41
6 62
1 34
9 77
9 54
6 44
4 38
8 65
4 63
1 55
7 53
2 25
6 30
7 48
6 76
5 94
4 44
4 56
10 97
3 60
8 30
6 80
3 62
1 62
3 15
2 44
2 28
4 15
10 36
10 82
3 1
6 57
2 0
2 67
2 22
3 21
6 7
9 87
7 15
6 73
10 58
10 55
4 40
6 13
4 40
5 83
9 36
2 91
9 94
3 74
10 43
4 57
2 93
10 92
2 97
3 65
5 71
9 59
2 43
7 74
6 48
9 59
4 71
4 0
10 56
9 81
7 28
5 65
4 34
5 47
4 83
1 6
7 37
6 5
1 23
4 58
4 6
7 70
8 87
2 66
3 49
6 62
7 64
10 84
4 81
2 21
7 33
10 40
3 39
9 64
10 97
5 19
10 44
3 70
9 29
10 57
3 44
3 6
1 43
5 31
5 88
8 41
5 30
4 98
5 33
1 76
2 29
4 25
4 78
10 50
8 55
10 28
6 5
4 60
7 59
3 6
10 88
3 81
1 0
7 30
8 36
8 23
8 74
7 24
5 50
2 34
9 19
5 50
9 71
6 12
4 1
1 75
2 24
2 59
8 61
7 10
6 76
1 9
8 93
6 87
6 41
3 19
6 75
4 59
7 70
2 83
7 16
5 97
4 28
9 6
6 84
3 7
5 29
2 30
7 94
4 31
2 43
2 31
6 44
9 7
1 40
10 62
9 25
5 95
2 7
2 16
10 19
5 21
10 20
8 5
10 71
2 78
4 50
9 60
1 12
3 43
5 33
5 47
10 97
9 23
10 0
5 75
1 11
7 28
5 6
8 32
9 40
9 32
10 79
6 16
9 27
7 24
3 33
3 92
9 48
7 46
7 94
5 4
10 4
1 32
2 21
4 47
8 25
4 70
1 20
10 97
5 60
4 34
5 64
7 81
6 42
2 35
2 74
9 11
6 87
7 28
4 23
6 85
3 5
4 65
3 30
9 15
6 77
5 46
4 41
1 39
1 39
2 19
4 86
2 19
4 97
10 23
6 38
5 31
10 81
8 93
3 49
4 72
7 47
5 12
1 0
6 21
2 2
9 61
3 2
2 34
4 89
7 58
4 22
7 53
2 19
4 54
2 81
5 82
1 94
5 19
6 82
5 79
8 77
3 86
10 8
10 47
1 100
3 48
10 59
7 54
9 63
6 51
9 30
2 75
3 97
4 53
10 79
7 40
4 31
6 29
3 27
1 91
5 10
7 82
1 65
1 54
7 57
3 46
1 34
3 10
8 71
2 36
9 28
8 65
10 3
10 93
5 50
7 39
6 69
2 25
5 96
1 62
4 5
6 33
5 94
6 86
10 85
1 70
5 9
2 52
3 81
3 81
8 81
1 89
1 10
5 11
5 44
3 26
2 74
9 52
4 33
8 56
7 17
7 51
5 75
7 56
3 62
4 22
7 71
1 94
10 49
8 68
10 65
4 30
8 66
6 46
7 10
4 8
6 17
3 85
9 87
3 76
2 67
10 62
3 11
7 6
8 54
6 41
7 14
7 11
8 69
8 54
4 26
10 19
2 69
8 94
8 49
1 15
1 92
4 79
4 27
8 61
1 61
6 36
2 19
4 67
5 68
1 4
6 40
5 67
9 52
9 69
6 33
4 86
8 50
10 22
6 41
8 29
2 0
5 65
5 10
6 88
7 16
9 93
1 2
3 92
7 32
7 79
8 53
3 96
1 77
7 67
4 23
1 56
10 24
1 87
4 37
2 12
3 35
8 48
9 64
2 14
10 20
2 8
5 46
2 27
1 29
9 66
5 58
9 28
3 57
1 35
4 94
5 41
2 99
3 52
7 39
8 73
1 65
1 64
2 86
10 32
3 14
2 33
10 3
6 12
3 97
7 44
3 51
10 25
4 17
6 61
6 38
1 57
5 54
1 90
8 79
10 89
7 9
2 75
8 8
1 85
6 56
7 40
3 52
3 80
10 81
3 4
6 67
7 63
5 46
1 97
1 99
8 70
3 23
6 3
2 3
9 91
4 38
8 49
4 67
10 92
7 83
9 38
6 61
1 11
9 43
1 5
4 63
2 7
7 82
7 39
10 51
10 36
7 89
3 15
9 60
7 49
10 16
2 45
9 69
6 65
7 51
8 97
5 0
7 51
8 76
7 89
1 2
7 49
4 33
10 84
10 20
3 14
8 93
1 74
7 61
10 70
5 52
3 94
5 62
6 59
4 9
10 68
2 60
2 69
1 42
3 93
8 71
3 97
1 96
9 59
2 6
6 52
3 3
9 78
5 81
3 0
1 3
10 28
3 53
9 100
1 69
7 92
2 54
1 34
2 66
10 38
8 20
10 64
8 10
2 13
3 8
6 31
7 84
10 51
10 39
4 40
7 25
2 49
7 81
6 65
8 52
5 37
6 54
10 38
8 82
1 66
1 31
6 19
4 16
3 18
6 74
4 82
5 84
5 81
3 99
3 23
8 54
8 14
6 43
1 29
4 100
6 63
8 23
6 80
2 44
10 43
5 20
4 57
2 13
1 67
6 46
8 13
5 18
3 72
9 43
8 80
10 56
8 14
6 11
1 91
7 7
9 77
3 65
2 89
6 91
2 61
4 33
7 95
8 62
10 29
3 86
7 46
3 41
4 92
2 32
3 9
9 81
7 2
10 41
5 7
1 18
6 88
2 18
3 59
3 91
5 53
8 78
3 13
9 50
5 58
4 0
9 74
10 14
10 99
8 27
7 46
1 75
6 8
8 69
1 81
7 11
2 60
5 82
10 16
4 14
8 20
6 6
8 79
3 28
4 70
6 78
4 16
3 78
5 12
2 20
3 49
8 76
6 16
2 45
5 24
6 3
9 58
8 90
6 65
9 39
4 92
5 35
6 29
2 43
7 55
3 77
5 71
5 38
3 8
2 56
2 27
4 6
8 39
3 97
2 28
10 17
2 97
3 40
3 74
7 56
1 59
7 85
8 96
3 52
8 76
4 88
5 92
3 77
10 32
5 37
1 35
8 59
6 91
2 38
10 63
9 94
7 42
5 29
3 10
2 50
1 63
1 80
6 48
3 17
9 42
4 78
9 78
2 39
10 26
9 57
1 2
5 92
10 4
2 83
8 74
3 73
5 83
9 1
3 63
9 1
8 56
5 88
7 98
6 61
10 6
8 3
3 35
5 46
2 72
5 33
5 3
7 93
3 46
7 21
3 17
7 79
7 67
9 12
3 96
8 87
4 16
4 56
3 92
9 62
9 66
7 9
5 52
3 43
3 1
10 41
3 81
4 97
10 34
10 93
3 91
5 8
3 8
9 12
2 96
2 55
10 51
7 54
3 100
1 88
2 24
2 95
9 8
3 92
3 10
4 53
4 41
6 81
3 71
3 11
2 1
3 16
9 88
3 1
4 74
8 19
10 4
9 4
6 17
6 72
3 52
5 99
7 61
9 60
8 0
6 53
3 13
9 23
5 65
2 6
3 83
8 56
6 43
10 83
5 64
3 39
9 54
6 0
7 47
2 7
2 84
4 65
9 2
4 17
3 99
6 70
2 82
4 48
4 18
3 46
8 46
4 62
7 2
3 52
4 19
4 31
1 91
5 74
3 29
4 48
4 86
8 31
8 27
4 20
2 79
8 11
9 37
6 56
2 97
4 9
8 84
6 35
9 28
7 69
2 49
2 84
4 18
8 36
8 53
1 27
7 42
2 54
1 36
7 44
4 97
9 32
5 33
5 76
10 64
9 61
7 58
3 80
6 14
1 73
10 92
2 53
2 0
4 53
7 59
4 33
8 16
7 56
8 72
8 84
6 25
6 66
10 100
6 78
7 62
7 82
10 59
8 19
5 82
6 59
10 71
6 48
6 54
3 46
2 13
5 57
3 55
5 9
4 39
9 25
7 50
3 6
9 62
10 40
2 69
5 22
7 87
8 73
4 4
7 38
10 86
6 27
9 82
2 74
2 92
9 52
10 20
4 24
8 2
9 67
3 65
1 93
10 88
4 47
8 12
7 48
3 67
5 66
3 72
10 54
6 64
4 83
7 15
1 56
2 29
3 6
6 36
4 88
7 66
1 85
2 72
10 70
4 22
3 10
3 2
9 37
2 90
3 95
5 100
5 2
10 39
1 69
5 69
8 49
7 79
1 36
5 86
3 37
2 29
9 8
4 60
3 38
5 22
10 28
8 89
5 66
3 56
6 58
9 14
7 79
9 94
6 47
3 94
5 21
9 40
2 59
4 5
1 43
9 24
3 29
2 38
9 37
1 10
6 29
9 32
5 20
7 56
6 18
8 4
3 11
8 43
6 16
8 77
8 79
8 60
1 64
4 28
10 3
5 80
9 41
4 65
8 78
4 9
6 77
10 16
5 49
2 2
9 14
3 39
9 62
5 28
8 95
2 44
8 25
6 17
10 16
3 42
7 81
10 60
5 91
5 29
7 35
4 30
5 81
2 0
5 12
4 100
9 76
8 46
8 23
6 43
9 63
8 2
4 64
2 70
9 18
6 36
1 64
10 43
8 85
3 50
1 1
1 57
2 81
1 26
3 22
3 29
5 86
5 75
8 13
2 77
6 33
1 2
8 20
1 33
4 92
10 51
9 90
4 38
10 47
4 45
10 52
1 63
9 67
3 0
10 73
7 58
3 6
10 83
8 70
10 100
6 41
8 35
5 61
6 88
8 43
6 29
1 41
1 66
5 31
5 8
7 59
3 21
7 21
1 47
2 11
7 95
4 48
6 7
9 37
7 80
9 6
2 38
5 81
10 68
5 60
9 98
6 12
8 100
1 85
3 27
6 16
8 43
9 82
9 95
4 66
2 70
4 11
4 4
4 86
2 31
1 61
8 22
1 94
3 42
4 82
1 77
4 12
4 18
6 79
10 83
9 23
10 64
10 33
2 67
1 93
9 50
10 5
1 90
1 43
7 68
10 3
2 41
4 87
2 43
7 28
4 74
10 70
6 89
9 68
7 42
4 85
8 24
1 68
10 53
5 17
1 90
3 8
10 8
8 70
3 56
9 12
1 48
5 25
4 89
9 35
8 72
1 36
8 61
5 64
6 69
2 73
2 97
9 52
3 37
10 99
7 52
8 2
1 41
3 64
6 76
1 78
10 6
7 85
8 46
5 2
6 74
2 14
1 86
7 95
4 45
5 47
4 92
4 99
9 17
8 53
5 34
8 24
3 68
8 30
3 74
6 25
1 45
1 6
5 32
1 3
10 17
1 78
3 94
9 83
7 5
5 37
5 27
10 66
7 61
8 15
6 19
3 77
9 7
4 22
1 31
3 53
10 43
6 95
1 19
4 30
8 2
1 53
8 16
4 13
7 65
3 38
10 17
9 37
6 38
8 93
5 94
8 66
5 15
9 82
7 71
4 62
5 36
6 94
7 71
2 0
8 71
3 86
9 28
9 33
5 65
8 75
4 10
9 95
8 60
1 1
6 35
6 65
4 91
4 53
2 6
3 92
10 66
7 66
6 26
6 3
4 51
10 10
6 50
4 51
5 77
4 10
9 11
6 8
9 42
8 75
7 92
1 46
4 81
3 7
2 29
10 48
3 56
7 15
6 77
9 79
4 19
9 10
9 81
2 56
7 21
4 56
2 37
3 33
7 55
8 27
6 76
10 66
3 15
3 58
4 20
1 46
6 54
5 36
6 50
8 92
5 76
4 79
2 85
4 9
3 15
2 65
10 18
8 23
7 2
5 21
8 55
7 99
9 4
9 16
9 85
4 86
3 80
3 32
5 34
5 71
10 28
10 40
1 75
10 89
1 59
6 66
1 56
8 2
9 89
9 70
7 14
6 25
7 4
1 73
3 53
9 64
9 75
1 28
8 38
1 87
6 47
4 35
2 39
3 48
5 19
4 9
4 43
1 60
8 62
10 73
7 22
5 25
9 14
4 0
7 17
2 24
7 50
10 81
5 68
9 38
10 22
7 54
9 52
4 84
2 73
7 41
2 97
5 50
1 100
4 97
9 61
10 32
6 70
8 20
8 2
4 48
10 27
3 65
1 52
7 50
8 26
6 85
7 70
10 89
8 0
1 32
5 63
10 40
7 59
3 64
4 52
9 12
10 83
1 49
10 68
2 23
10 100
2 16
8 29
2 13
3 90
3 45
9 98
8 86
5 65
4 60
3 45
2 78
1 71
7 79
1 92
4 57
8 29
1 70
6 32
4 75
3 79
1 95
2 21
9 30
9 1
7 52
6 25
6 16
3 45
8 87
10 32
10 42
4 70
8 5
4 66
8 43
6 63
3 62
6 42
9 60
2 4
7 84
8 39
7 48
9 57
5 61
6 91
5 28
7 61
2 19
8 50
4 26
9 45
5 66
4 13
8 55
5 32
2 81
10 57
3 7
3 67
4 35
5 81
1 11
8 13
10 15
8 57
3 8
10 34
8 60
3 42
8 86
2 3
2 99
5 98
4 80
1 71
2 39
2 38
5 76
6 59
5 87
8 27
4 83
9 25
5 49
1 99
8 0
4 26
5 46
10 16
9 8
4 31
4 85
4 91
6 63
9 85
4 94
8 55
5 25
6 42
1 60
1 58
6 90
3 41
2 33
5 35
5 16
8 59
6 90
4 83
3 75
4 97
4 64
7 66
6 8
1 36
10 74
6 57
8 69
7 45
5 45
1 49
2 0
8 74
10 77
6 87
2 45
4 47
3 3
5 66
6 93
4 40
5 23
4 93
7 71
10 40
5 61
3 68
6 39
3 17
2 86
5 23
10 45
8 47
4 87
8 61
5 72
6 82
10 100
10 71
10 54
2 53
2 23
10 79
6 37
1 5
2 79
3 54
9 9
10 1
10 38
9 60
5 22
9 74
1 93
6 50
9 73
3 85
2 76
9 81
6 49
3 31
9 83
5 15
2 99
10 92
4 30
5 91
2 76
3 38
10 85
1 35
3 95
4 0
3 21
6 30
3 25
9 95
6 81
5 98
6 13
6 11
10 78
4 72
8 11
3 17
1 26
6 46
8 99
10 73
8 3
9 64
10 21
8 34
2 57
7 50
3 44
7 40
8 0
4 19
2 10
5 90
10 14
2 64
3 45
9 41
4 53
6 9
10 29
2 22
2 58
4 89
6 59
4 6
5 67
7 19
8 37
8 73
5 26
1 18
5 68
2 11
4 54
8 54
8 35
2 50
6 91
3 18
6 29
8 51
7 90
10 10
9 83
3 23
3 34
6 56
10 21
9 27
10 10
5 37
6 61
8 53
1 15
5 76
9 18
7 64
2 84
1 13
10 34
4 39
6 100
1 32
5 40
4 11
4 6
4 5
1 97
5 44
3 99
3 30
1 66
5 75
1 92
5 20
10 61
1 92
6 42
2 11
5 15
6 71
5 60
6 11
9 92
7 15
10 0
4 89
9 17
1 7
5 6
6 74
6 76
7 76
8 38
2 71
2 3
1 61
5 27
2 57
3 98
3 56
9 40
2 74
4 44
2 44
5 63
7 86
5 38
2 6
4 63
9 44
9 22
5 96
2 93
5 71
2 19
3 72
7 72
2 19
9 54
5 77
3 78
3 66
5 28
2 48
3 42
10 72
2 100
4 84
4 0
2 14
10 75
8 73
1 12
10 68
3 91
8 74
6 5
2 30
5 28
5 95
8 68
6 42
8 80
1 23
1 68
2 77
4 64
3 55
9 49
2 65
4 66
3 63
4 28
3 81
4 14
1 16
1 29
7 96
4 6
4 7
7 59
2 31
2 73
3 31
7 72
7 32
7 70
8 19
7 7
9 54
4 22
10 60
5 34
4 86
3 27
6 95
3 40
8 70
6 48
9 1
7 66
9 76
6 95
10 67
4 19
7 77
2 48
2 63
9 91
9 67
2 100
4 19
1 52
7 60
2 87
7 28
8 6
1 87
7 48
2 59
7 49
10 86
8 51
2 17
10 30
2 33
1 68
7 83
5 76
5 39
5 75
2 10
8 64
1 53
8 95
3 32
3 86
10 99
5 42
10 50
7 68
10 88
3 1
4 58
5 34
3 55
7 89
1 99
10 71
7 77
2 40
3 90
3 19
8 67
9 98
8 18
6 90
3 61
4 3
9 47
9 19
8 73
6 22
7 49
9 22
3 40
6 7
10 34
7 52
3 54
6 53
2 17
3 28
8 66
9 100
2 70
10 34
8 0
3 61
1 39
1 82
3 31
1 6
7 44
4 21
6 97
2 23
6 80
1 18
10 72
5 79
5 95
8 15
4 43
6 89
4 67
10 92
4 8
4 53
2 54
3 78
7 99
10 81
4 77
5 64
9 58
3 13
1 97
6 88
7 92
4 82
4 71
3 65
1 28
1 24
2 61
4 59
8 0
9 71
8 19
8 92
2 70
2 88
7 14
7 3
6 49
7 53
10 60
4 34
7 9
7 25
5 12
4 97
9 73
5 6
4 59
6 57
8 73
6 8
4 20
4 55
9 89
1 61
5 20
2 80
5 87
5 55
5 75
3 70
3 29
3 47
3 87
8 79
5 35
6 17
5 99
6 3
1 44
6 22
8 42
10 48
1 11
3 9
10 98
4 51
10 45
7 71
3 90
4 41
1 29
8 15
7 97
6 72
2 88
5 9
1 64
6 97
8 23
2 45
3 70
7 37
5 39
6 70
8 73
10 40
10 75
6 17
2 27
8 81
7 83
5 47
4 90
1 5
4 85
6 41
2 61
2 19
8 45
9 37
7 15
5 36
2 29
7 6
7 21
4 0
5 71
3 12
6 67
6 59
3 69
10 74
8 75
1 65
4 0
9 26
7 37
8 44
7 67
3 63
7 54
9 31
3 31
9 46
7 92
5 26
5 29
6 83
1 47
7 19
2 33
3 62
5 72
6 84
2 97
10 76
1 48
6 83
2 96
7 73
6 26
7 83
9 66
5 26
9 91
8 65
6 73
9 5
4 87
8 4
2 94
9 16
6 66
4 51
2 8
3 55
9 13
7 11
2 56
6 39
8 92
10 96
3 20
8 15
9 44
9 22
4 18
9 78
1 78
9 98
8 12
7 20
8 44
5 68
4 86
2 28
2 30
6 68
1 22
5 63
1 20
10 30
3 47
8 61
10 71
6 60
3 41
2 11
8 82
3 14
1 49
4 95
2 71
1 70
3 100
1 80
10 80
2 37
8 59
6 89
5 52
6 5
6 47
8 90
1 48
7 12
8 73
4 42
10 97
8 85
7 37
3 27
9 55
7 75
7 34
9 60
7 24
9 53
2 88
7 58
3 85
1 51
2 1
9 87
10 95
2 29
1 30
9 65
7 38
4 51
9 84
10 67
10 29
6 64
4 28
6 74
2 7
3 36
7 74
9 11
8 19
2 12
6 0
6 67
7 15
6 61
10 59
9 89
8 91
5 20
1 67
3 26
10 56
6 47
6 38
4 99
7 33
8 67
4 78
6 15
3 77
7 69
3 78
8 72
6 43
5 7
6 1
9 98
4 21
4 91
5 32
7 50
4 37
9 96
7 55
7 76
2 45
8 39
9 53
9 50
2 31
5 8
10 32
3 80
1 60
8 24
6 28
8 90
2 68
1 75
1 100
5 16
2 33
2 52
7 93
2 98
7 10
3 76
10 75
1 79
8 14
7 89
1 4
3 9
8 80
7 86
10 1
5 37
1 37
9 90
4 31
3 85
3 5
7 42
4 61
1 50
2 16
8 31
7 86
10 44
1 3
6 20
1 10
9 45
4 73
5 44
4 7
10 41
9 32
4 31
8 73
2 86
9 69
10 82
3 91
7 80
1 34
8 71
4 96
4 2
7 57
10 13
9 40
2 49
6 58
1 81
1 20
6 94
10 60
3 24
7 30
9 15
4 77
1 28
8 15
4 67
8 78
7 96
3 93
9 19
2 41
2 38
5 0
5 29
8 9
9 50
1 18
5 74
10 38
1 14
2 63
5 49
7 66
6 86
6 55
3 58
1 67
3 57
5 79
5 24
3 89
2 72
2 94
5 36
4 8
4 86
10 100
1 14
9 5
5 15
3 58
7 73
9 29
2 75
7 37
8 85
6 90
2 35
10 17
6 81
9 62
2 25
7 60
2 82
9 6
1 54
4 37
3 48
1 12
7 6
4 77
1 18
1 57
5 43
6 9
3 56
2 18
10 46
9 78
8 17
10 25
8 63
5 31
5 94
4 100
2 75
7 83
9 98
4 37
6 58
9 11
5 5
5 30
8 53
8 38
9 68
5 64
5 78
6 12
3 33
5 64
9 43
7 87
4 92
8 0
1 29
7 60
10 58
10 75
9 10
8 21
2 62
8 54
9 27
5 80
7 0
6 43
5 57
1 14
3 9
5 81
2 62
3 81
1 44
6 82
10 79
4 49
5 59
2 9
3 44
9 6
8 16
5 80
9 61
9 21
4 27
7 60
8 56
1 75
8 98
2 14
10 37
5 79
1 34
5 15
2 31
8 96
7 43
10 97
9 49
10 33
10 84
6 60
7 45
8 81
4 42
1 29
8 60
4 1
9 58
7 63
6 80
1 72
1 7
9 83
6 46
8 77
9 51
9 60
7 26
1 81
9 93
10 88
8 50
10 62
2 71
1 8
7 90
6 87
6 29
6 35
9 54
1 84
9 13
4 90
10 69
6 20
5 78
9 68
10 25
9 59
1 4
9 87
10 38
10 62
9 54
5 85
7 25
4 31
5 68
2 52
6 11
3 14
1 11
6 76
4 56
8 17
2 34
3 3
1 51
2 79
4 54
3 28
8 5
6 1
4 67
7 61
1 5
7 5
10 100
2 33
9 24
2 77
3 9
3 13
7 91
2 80
8 81
1 44
10 60
4 86
7 73
7 32
1 10
5 51
2 13
9 3
1 18
4 92
5 58
3 28
10 63
8 78
2 24
8 10
8 82
7 9
5 12
4 2
10 21
6 28
3 63
6 80
10 22
6 24
7 47
4 3
7 35
9 20
2 82
4 60
7 96
2 5
4 62
10 13
9 42
3 4
2 75
7 92
7 1
9 99
10 44
6 52
7 91
10 24
1 29
2 36
10 95
7 91
7 92
4 66
2 0
1 27
10 31
10 76
4 58
2 92
6 55
4 23
1 7
9 20
3 30
3 65
9 22
7 73
8 32
6 4
1 10
9 48
1 15
10 23
2 3
5 96
2 83
1 36
7 59
9 75
6 12
10 33
1 100
7 31
2 17
5 98
6 49
8 60
4 87
8 0
7 45
5 1
3 1
2 79
9 56
9 32
7 81
10 31
10 21
1 9
10 89
8 57
7 93
4 90
4 22
4 62
8 8
2 8
6 43
3 91
8 15
7 96
3 71
4 20
4 19
3 13
5 17
2 70
2 16
7 43
4 61
8 22
6 67
9 53
10 91
1 14
1 51
9 64
3 90
1 81
6 99
10 88
9 87
3 32
2 95
6 78
5 14
9 36
7 44
1 59
1 19
4 5
6 42
8 93
1 18
2 95
3 2
1 84
7 77
7 86
10 61
9 78
3 49
10 21
7 63
5 31
1 26
5 85
10 12
2 38
7 94
9 84
5 59
7 72
3 93
10 9
8 10
3 63
9 55
1 72
8 48
8 13
2 24
7 74
9 43
5 70
10 99
2 39
5 13
3 100
8 58
4 81
10 14
8 27
6 24
5 6
2 94
9 17
8 21
3 79
2 70
2 25
10 40
9 95
2 6
5 72
5 63
3 91
8 88
4 23
10 20
3 13
5 70
5 59
10 82
2 2
4 81
2 97
6 83
6 97
1 29
9 57
5 76
4 32
4 31
8 21
5 94
5 97
2 70
9 50
8 39
4 52
6 37
3 75
10 98
1 97
3 53
9 0
4 35
9 5
1 83
3 36
8 90
9 94
6 77
10 48
5 95
1 33
3 77
9 29
7 18
7 71
9 60
2 46
4 91
7 10
1 99
2 33
2 74
8 37
10 30
9 73
8 55
1 65
4 56
5 32
2 86
6 97
3 11
6 13
8 96
8 63
2 61
9 13
2 96
8 38
7 95
2 55
2 67
4 73
8 20
10 71
1 81
9 20
1 53
1 9
7 51
4 31
6 7
5 83
7 35
7 11
7 6
8 72
10 54
8 55
7 90
7 11
2 12
3 48
10 77
2 14
7 96
5 86
8 75
4 61
9 26
10 81
10 67
4 78
4 59
5 76
2 0
6 94
10 17
2 94
10 8
9 92
7 22
4 66
1 32
6 90
1 81
1 96
9 86
7 7
10 6
9 29
6 4
8 0
6 6
5 34
5 39
5 57
1 3
1 30
10 62
6 22
10 64
5 79
3 93
5 15
8 81
6 77
4 42
4 62
2 30
7 76
5 82
2 10
5 83
4 77
9 72
1 9
4 83
3 78
1 90
4 30
7 22
1 100
3 92
6 14
4 30
9 3
7 25
2 25
10 22
9 99
7 37
2 47
2 66
3 51
7 27
10 15
7 71
10 7
5 10
5 26
3 46
1 57
1 14
6 81
10 3
6 1
9 88
5 83
7 90
2 71
5 35
10 68
6 41
8 62
8 27
4 16
5 96
6 48
2 49
3 10
8 56
3 63
4 31
8 42
9 44
5 4
7 27
10 11
7 80
2 74
10 44
7 79
2 79
6 83
5 21
4 8
9 13
10 8
6 29
6 94
5 59
8 91
10 32
9 12
3 84
7 75
10 28
3 5
9 96
9 84
1 70
7 59
8 69
5 63
5 34
10 29
8 99
10 64
5 89
10 12
3 89
10 43
1 9
9 10
9 3
7 9
6 20
5 79
7 65
3 93
4 48
3 73
7 46
7 92
7 42
4 4
7 4
1 74
3 11
7 21
8 0
6 6
2 40
6 3
1 30
3 1
8 50
1 20
8 49
9 88
1 15
1 60
3 71
5 14
6 30
10 84
9 42
9 57
2 21
4 29
2 78
7 41
4 60
6 98
8 17
1 96
4 22
4 63
4 74
9 33
10 66
10 64
8 70
5 20
7 55
8 46
2 33
6 42
9 96
8 19
2 87
8 23
2 2
10 42
2 3
8 59
6 53
7 34
5 44
2 34
4 9
1 0
7 20
4 13
2 1
10 7
1 84
5 1
2 67
6 24
3 38
9 52
4 71
4 47
4 80
1 57
9 68
5 38
10 33
8 48
4 32
7 26
6 21
9 54
6 18
4 26
4 46
10 11
9 30
3 85
4 94
6 6
9 23
10 17
7 75
10 61
8 7
1 15
4 80
8 39
2 33
4 15
2 92
5 20
4 15
8 88
10 97
3 78
6 86
8 78
4 60
8 23
7 14
5 24
8 63
5 59
5 60
7 66
10 12
2 33
3 86
6 70
2 8
9 72
5 76
3 3
10 51
1 12
1 58
8 15
3 98
4 38
6 60
2 85
2 65
9 37
8 4
6 10
3 35
7 84
9 40
7 89
4 3
2 37
1 88
10 94
6 95
1 44
3 83
5 99
7 62
2 38
9 79
8 15
6 82
6 88
6 95
2 61
10 34
7 93
9 21
2 30
10 67
6 74
6 13
3 14
3 8
6 84
1 25
9 84
4 76
3 74
1 82
5 92
3 81
1 47
9 84
2 81
4 43
2 71
10 90
10 40
2 31
6 43
2 29
8 60
3 6
1 3
4 18
1 64
8 50
7 59
8 2
9 79
6 81
2 75
3 45
9 14
3 52
3 23
1 79
2 35
7 86
7 22
3 87
6 100
1 53
3 95
1 64
5 61
1 61
5 30
4 50
6 91
9 83
6 99
10 55
6 86
2 54
6 53
2 19
8 34
3 16
2 77
4 49
9 27
5 2
9 12
3 24
3 45
4 51
8 62
3 60
10 75
5 85
6 99
10 1
4 27
2 24
6 50
2 41
1 66
6 29
5 96
1 74
5 56
7 48
6 29
7 25
6 24
9 4
9 56
3 79
10 49
2 92
7 67
1 89
1 25
10 6
4 50
7 59
3 43
8 53
3 87
4 100
9 60
2 18
6 46
8 30
8 32
5 47
6 72
8 3
5 22
3 65
3 11
1 87
1 83
2 77
3 93
2 47
8 91
3 76
4 29
1 74
6 71
4 69
8 13
6 69
5 74
8 76
7 13
6 66
10 12
10 15
7 82
5 32
5 69
4 41
3 70
6 92
3 85
10 26
1 79
4 37
8 4
7 78
3 75
8 62
1 1
3 100
2 92
7 56
3 58
9 42
4 49
7 30
1 19
8 39
1 1
4 0
7 43
5 16
3 22
2 51
6 86
10 21
1 80
5 51
7 64
1 16
8 87
3 55
1 74
5 77
3 41
2 73
2 70
6 72
7 39
9 30
3 59
3 20
9 90
2 49
8 26
2 71
7 91
1 1
6 90
3 83
4 54
7 9
7 63
10 12
7 84
2 91
9 46
6 10
8 44
8 88
9 33
9 83
7 24
6 97
7 36
8 74
1 17
5 19
6 60
6 54
5 44
3 87
2 21
7 40
4 7
9 91
3 48
9 47
1 68
5 48
2 82
3 4
8 5
6 73
3 28
5 8
7 62
9 23
10 82
3 75
1 7
5 79
1 31
2 26
1 40
6 23
9 84
2 82
2 71
9 64
10 53
5 84
4 50
1 80
7 19
6 86
8 50
5 56
10 91
7 90
9 52
2 8
10 17
4 24
8 18
3 25
1 74
7 46
7 16
2 1
1 30
6 48
4 28
3 36
1 75
10 64
10 10
9 57
1 91
1 33
6 41
1 24
8 88
6 13
10 38
2 84
3 76
8 14
9 7
7 20
8 42
8 77
9 86
6 2
8 90
5 75
10 2
6 26
4 80
6 47
9 51
6 100
3 87
1 66
4 97
1 81
5 39
6 21
4 34
3 88
6 8
7 87
4 50
4 70
4 77
8 56
5 58
9 14
4 91
3 74
9 8
6 64
10 18
4 43
1 94
4 35
9 3
4 9
2 5
7 48
9 72
7 28
9 9
4 44
9 22
5 51
6 61
7 9
8 93
1 5
1 74
7 38
4 70
5 85
9 52
6 7
10 96
4 22
4 28
2 42
1 73
2 12
8 92
1 33
4 15
6 12
9 33
8 92
7 83
7 84
4 73
9 41
4 78
4 83
6 65
5 55
3 5
8 7
3 16
3 4
4 76
9 22
8 87
4 65
3 50
6 44
10 20
4 56
3 99
9 15
4 39
6 23
8 45
9 93
4 6
2 74
3 54
5 97
9 6
3 11
2 72
2 38
9 2
6 61
9 2
10 60
10 71
9 74
8 98
2 51
1 9
7 71
7 82
5 53
3 58
7 97
5 5
2 48
2 10
5 91
9 85
5 60
10 66
4 64
4 74
4 96
5 98
7 56
7 20
9 27
10 50
8 22
3 95
9 48
9 80
4 54
3 91
9 36
7 2
9 66
2 67
5 60
5 81
9 0
6 1
2 81
10 22
8 33
9 33
4 3
7 43
2 94
9 87
7 14
1 11
9 37
1 10
7 22
4 54
2 23
6 47
3 41
6 84
4 72
1 49
8 45
6 18
2 52
2 32
6 50
6 70
4 71
4 45
2 96
10 60
6 46
4 80
9 40
2 82
6 34
6 51
8 39
6 89
9 7
9 89
3 73
8 69
3 20
8 3
4 47
7 98
9 85
9 38
3 74
9 51
3 54
8 7
9 17
4 81
3 93
4 18
6 73
5 16
10 79
3 52
8 74
10 88
4 75
6 75
9 44
10 75
1 47
3 67
3 45
2 11
8 35
3 93
3 63
6 20
7 76
7 32
4 5
8 12
6 63
1 68
6 45
8 14
2 47
1 29
4 21
5 95
3 6
3 27
7 66
1 98
3 3
2 92
8 14
10 74
5 0
9 61
10 24
4 47
5 9
7 85
2 38
3 50
4 18
3 91
8 43
1 99
9 91
2 48
8 6
3 15
8 57
9 77
7 61
8 55
10 57
1 17
4 18
8 1
3 63
7 10
1 60
5 56
4 25
7 25
5 52
3 29
5 0
1 5
4 23
3 96
10 67
8 72
8 47
3 95
9 99
10 96
5 74
6 92
8 72
2 22
1 95
8 47
4 65
9 27
9 13
9 73
9 72
4 0
7 19
9 45
9 7
1 0
9 17
6 86
10 13
3 47
8 43
4 67
7 11
7 56
9 22
5 72
7 47
10 2
10 53
2 29
10 47
5 87
7 35
1 38
2 16
9 58
3 55
2 18
2 65
1 19
3 6
8 73
1 37
10 17
7 70
10 16
2 57
2 16
1 57
8 43
10 47
2 94
4 6
6 16
8 7
1 29
4 62
7 99
2 7
7 86
7 12
9 74
7 55
10 31
10 37
8 50
4 94
2 7
8 43
1 54
1 67
10 25
9 74
3 89
4 81
5 78
2 97
7 32
4 99
7 26
7 2
7 25
7 35
9 94
9 91
6 61
1 76
8 52
7 75
10 83
7 29
10 13
6 64
5 25
5 41
7 86
3 77
9 22
9 25
7 4
3 47
4 75
2 33
8 91
1 38
2 85
4 94
8 25
1 35
5 9
3 99
9 60
1 45
10 46
5 6
9 82
10 87
2 53
2 51
10 23
7 98
3 37
5 78
1 64
6 58
4 20
8 44
2 35
4 69
9 56
10 5
9 40
7 48
3 95
3 50
2 6
1 93
6 40
1 3
2 71
2 99
7 49
9 38
1 78
9 65
5 73
7 42
4 71
5 3
1 16
5 18
3 57
2 26
2 3
3 32
7 12
3 18
4 53
3 49
4 40
9 81
5 50
3 35
3 70
2 20
8 43
1 41
3 20
1 68
4 57
6 2
5 21
8 91
2 43
1 70
10 11
7 58
3 3
8 97
1 65
7 54
3 13
4 8
9 25
5 75
9 51
6 97
1 22
4 72
9 33
1 77
9 71
2 47
5 10
2 4
1 81
7 51
8 77
4 95
6 58
10 86
7 71
8 11
10 43
9 93
10 27
2 73
6 23
2 64
1 33
4 34
3 31
1 4
8 8
10 100
10 87
7 89
7 19
5 71
3 7
3 38
3 30
10 95
7 13
5 28
3 2
4 3
1 9
7 97
3 80
7 65
1 59
9 18
1 2
4 23
5 13
6 21
6 16
3 59
7 29
9 24
5 50
3 66
7 44
10 13
9 35
6 4
10 51
7 83
4 56
3 87
2 63
1 28
6 31
4 77
9 32
7 62
9 87
1 4
4 16
9 10
1 65
2 34
4 58
2 98
4 27
7 60
10 79
6 29
10 41
8 48
8 56
2 64
9 93
9 66
7 26
9 6
5 60
1 19
10 89
7 19
6 97
10 80
3 76
3 88
5 36
4 96
10 90
1 78
9 86
3 92
7 72
2 88
8 98
1 0
8 60
3 18
7 20
3 17
6 60
5 23
9 98
8 63
9 41
3 26
2 11
7 2
4 84
9 34
2 82
5 94
3 16
1 40
5 77
4 0
5 90
2 60
4 52
9 4
7 24
6 23
10 74
4 85
4 24
5 92
2 78
8 63
4 78
9 98
8 35
10 67
3 2
7 44
4 91
8 18
9 86
3 21
3 26
1 38
1 15
6 8
4 14
10 94
7 73
1 30
8 89
8 7
2 17
7 54
9 15
7 17
1 62
8 58
6 71
7 82
4 55
10 8
6 38
3 15
9 17
4 90
8 23
4 46
6 79
5 25
3 81
1 6
8 85
6 72
3 40
6 11
2 9
4 66
6 19
4 74
4 6
5 94
10 52
1 3
10 25
5 15
4 39
1 30
4 81
8 63
10 13
3 48
8 26
3 20
9 44
6 90
8 20
7 51
8 35
10 91
2 7
1 55
3 50
4 96
8 49
7 89
9 12
6 84
4 68
8 56
6 21
9 97
3 53
4 29
6 88
8 76
7 30
6 41
10 98
9 3
2 14
7 5
5 86
8 23
5 72
1 38
8 34
3 41
2 48
7 2
2 71
7 48
3 65
10 68
8 29
8 34
5 100
9 50
3 59
8 48
3 19
2 35
8 40
7 10
6 11
2 100
7 90
4 12
2 68
4 1
4 26
10 63
3 37
3 25
3 25
4 95
5 44
9 76
6 81
1 84
7 6
2 37
1 69
5 80
4 22
3 74
10 28
10 55
5 47
6 54
5 92
5 40
2 97
3 22
4 23
10 35
9 100
8 91
1 17
6 6
9 93
7 93
4 84
2 57
10 83
2 73
4 67
4 98
2 11
1 31
10 38
2 87
3 3
7 33
9 71
4 30
8 42
7 40
3 42
2 82
2 71
2 91
9 46
3 15
8 71
7 24
4 80
6 74
1 11
4 25
8 46
3 90
1 26
1 68
5 91
8 5
2 29
4 99
8 11
6 66
3 16
6 67
10 5
9 91
5 32
6 16
4 23
10 20
5 94
4 35
9 71
2 3
1 76
6 35
5 8
7 80
2 7
6 59
9 1
5 7
6 41
8 53
5 58
3 29
10 0
9 65
10 30
9 55
5 4
3 10
8 56
7 79
3 83
9 42
2 46
6 60
2 94
1 18
9 43
4 48
4 62
3 3
10 84
6 12
8 25
10 51
1 83
2 78
7 41
2 50
5 25
5 87
10 18
7 13
4 67
5 75
4 7
9 82
1 42
4 69
4 30
10 56
10 92
8 58
2 87
8 51
6 42
9 28
9 77
2 46
6 61
3 75
1 65
5 20
5 46
2 90
7 80
8 41
9 76
1 53
10 20
1 10
2 28
4 15
1 23
4 21
7 96
5 79
1 22
5 55
3 81
1 24
5 51
3 32
5 60
10 97
2 71
3 86
7 16
3 100
4 92
4 16
3 0
3 56
9 62
10 57
7 74
1 57
5 72
5 18
6 95
2 80
10 11
9 83
3 88
7 95
6 96
8 36
1 3
4 58
10 91
7 23
3 83
4 33
3 83
3 99
10 80
8 76
3 34
1 72
5 98
2 77
7 5
4 99
8 4
3 35
3 36
4 52
6 98
9 30
7 53
7 17
1 83
2 1
8 2
8 9
5 31
10 70
8 79
2 36
1 36
5 52
2 75
3 53
7 99
9 72
6 85
4 75
6 50
10 5
1 85
9 27
2 89
7 16
8 62
10 40
5 4
4 15
8 100
4 48
3 33
7 44
9 26
6 42
4 74
4 65
5 99
9 51
4 46
2 90
10 59
7 99
1 33
4 29
1 78
4 15
4 55
1 26
7 90
8 47
7 52
5 2
1 79
10 60
3 15
4 53
2 14
3 36
1 90
6 87
4 27
6 29
7 98
10 55
3 12
5 60
3 61
10 35
10 33
4 70
1 34
5 61
6 53
3 13
10 6
7 82
3 59
7 85
10 10
6 3
9 95
9 23
6 32
7 0
1 19
7 9
9 8
1 55
9 30
10 54
8 58
4 82
1 20
9 55
2 83
1 73
7 62
10 28
8 79
10 73
4 7
8 86
8 25
5 45
5 3
8 10
2 15
10 14
1 48
6 91
2 30
7 56
1 62
8 17
3 80
6 8
7 17
1 95
3 41
9 10
3 12
1 77
7 11
9 23
10 28
9 99
1 52
8 18
10 100
3 47
9 45
10 22
10 81
4 45
3 5
7 35
3 0
4 9
7 99
4 94
4 36
6 2
6 89
10 27
2 89
3 22
10 80
2 64
4 66
2 91
3 10
1 71
8 85
9 39
5 21
1 84
6 63
10 94
5 15
8 87
1 72
5 53
9 89
4 35
2 26
4 67
2 70
4 89
5 62
6 67
9 28
5 74
2 47
8 2
1 37
9 93
1 33
8 12
1 89
5 90
7 58
8 52
1 0
5 16
10 72
7 16
3 3
8 80
7 92
5 19
2 48
7 28
1 31
8 55
4 21
2 3
8 16
3 3
1 8
6 86
9 87
6 52
5 71
2 74
2 47
7 78
7 80
8 21
9 24
5 37
5 26
5 64
7 44
2 84
1 95
7 37
10 23
4 33
2 93
5 57
8 40
7 62
3 5
2 91
3 18
7 2
5 76
10 57
9 98
1 17
5 96
4 76
10 73
4 74
6 9
9 14
5 72
3 69
10 51
10 71
10 73
1 4
5 15
3 81
4 41
7 98
4 93
9 43
1 16
8 15
7 69
10 81
6 99
5 10
1 15
8 100
9 68
4 49
6 27
5 33
2 22
5 63
1 29
6 60
3 47
1 72
10 88
6 29
5 15
10 3
5 26
1 22
7 97
2 51
8 19
8 46
7 81
2 50
6 84
3 29
4 48
4 36
3 69
8 26
6 31
3 17
4 4
10 2
10 50
6 68
8 16
2 19
8 21
6 52
10 35
7 52
3 78
5 98
7 42
6 70
9 68
7 29
7 9
4 20
5 72
5 13
8 12
7 20
5 27
7 19
7 35
1 2
5 23
7 7
9 0
7 99
1 19
10 32
9 77
5 49
9 60
5 51
8 36
4 44
6 56
4 62
6 100
7 48
2 53
4 56
2 44
5 9
6 41
5 47
1 12
4 79
9 28
1 77
10 49
2 73
6 30
4 69
5 73
2 6
1 48
10 83
6 54
3 73
5 76
3 100
10 90
8 55
10 60
5 99
2 33
8 90
1 56
9 59
6 59
8 53
4 28
2 4
1 74
4 30
9 83
4 75
3 15
7 9
7 43
3 36
6 46
2 74
10 19
2 13
5 28
8 52
5 100
1 36
8 79
10 57
1 85
5 20
6 33
5 64
1 36
8 28
10 56
5 65
2 22
4 79
6 28
7 76
1 44
9 87
1 1
10 85
8 49
2 87
1 25
9 46
1 45
5 76
8 98
3 17
6 93
8 68
9 68
10 6
9 71
4 17
1 60
9 89
6 59
5 95
10 99
6 46
2 53
9 7
3 69
10 16
3 45
2 99
7 35
6 13
2 93
10 35
5 74
4 31
9 36
2 90
1 11
4 65
2 86
2 43
2 33
10 6
4 20
5 61
1 53
8 54
7 5
4 92
5 73
7 94
7 4
4 82
8 95
2 46
9 76
3 19
9 36
9 40
5 51
5 1
5 87
10 72
7 4
7 83
4 28
1 29
1 22
5 8
10 79
2 77
1 97
1 88
7 1
1 79
4 53
4 48
1 77
2 9
3 12
1 27
1 94
9 36
7 97
10 2
3 80
3 85
2 93
1 23
1 81
7 90
3 99
1 4
5 90
1 31
7 42
2 32
10 69
4 24
8 73
10 24
3 80
9 10
4 71
10 70
8 26
3 34
6 56
6 70
5 12
2 74
8 98
1 18
8 7
3 56
3 99
4 21
4 24
8 1
3 83
3 20
5 44
5 50
1 78
1 28
4 47
7 33
2 72
1 84
2 76
7 59
6 34
7 58
8 64
5 54
3 7
10 13
2 75
4 79
4 85
10 66
8 35
6 56
5 34
1 29
4 30
6 47
5 56
7 6
1 58
4 30
5 63
3 18
1 87
9 60
4 57
10 56
8 90
3 21
1 41
9 3
8 81
2 41
9 79
3 80
10 20
5 25
10 28
5 44
3 62
4 69
4 53
9 57
2 53
3 70
8 67
1 21
3 58
9 10
10 10
3 40
4 94
6 5
10 41
4 16
9 55
8 61
8 80
6 84
10 83
3 46
10 68
1 15
1 47
3 89
8 31
9 22
4 44
3 91
1 29
10 61
7 69
4 13
10 91
6 17
6 44
1 59
6 16
3 40
6 42
2 67
3 93
4 69
3 91
8 25
10 35
7 44
9 49
10 99
1 7
2 65
9 1
8 46
3 23
4 95
2 55
2 75
4 56
1 38
5 86
1 15
6 68
7 88
2 69
8 21
4 26
3 59
5 41
9 40
5 4
8 21
6 42
3 64
1 40
10 60
10 56
9 16
7 70
8 37
5 67
1 48
9 43
6 88
1 14
1 3
4 91
1 84
10 79
10 80
8 95
10 16
9 28
1 47
10 42
1 95
1 32
3 86
2 74
7 98
10 54
2 100
9 74
4 60
4 1
2 66
10 56
7 60
4 65
9 15
4 28
5 69
4 7
5 92
10 19
10 14
9 85
9 58
7 78
6 0
5 68
10 91
1 93
2 58
7 72
2 88
4 44
5 8
4 7
4 31
1 77
8 59
7 90
3 50
10 8
3 63
8 61
1 89
2 86
7 77
8 97
6 36
4 48
7 37
1 60
2 35
5 70
7 90
5 39
2 66
8 27
8 81
6 63
1 21
5 33
7 47
6 100
9 19
7 97
5 100
10 83
10 91
7 70
9 44
4 62
5 61
10 16
4 55
2 10
4 90
10 38
3 7
9 90
6 51
4 24
2 85
9 10
10 78
5 72
1 15
1 19
1 57
5 65
8 82
7 50
7 35
9 34
6 51
10 80
2 24
6 14
5 72
4 92
4 39
8 65
10 91
3 2
1 7
10 25
4 51
7 55
9 39
3 23
2 15
3 74
5 6
8 93
10 34
1 17
6 85
2 65
9 89
1 75
5 25
9 2
6 17
5 15
8 68
1 84
4 96
6 36
4 56
2 52
9 30
5 93
3 90
8 49
2 71
9 66
3 91
4 6
2 97
2 56
8 70
1 79
8 54
2 8
7 7
8 90
2 100
6 91
5 67
2 91
8 40
1 90
6 94
3 66
5 2
9 11
5 25
6 43
5 54
9 64
7 44
8 49
8 13
1 47
1 59
6 45
4 69
8 74
10 81
2 77
2 26
9 34
9 38
9 74
7 33
9 86
2 5
3 62
3 38
8 44
9 40
9 5
2 16
7 21
7 9
6 5
3 73
8 100
4 4
4 36
10 77
6 5
4 75
4 12
10 2
6 58
8 51
7 0
5 18
5 28
4 29
2 63
3 4
7 55
7 53
1 25
3 60
3 100
5 64
7 28
3 33
6 19
2 47
8 59
3 63
9 58
2 51
6 35
6 11
6 26
8 88
2 80
5 90
5 14
8 3
3 20
5 14
7 87
2 60
8 48
4 27
9 40
2 26
5 51
8 71
10 30
2 60
10 89
8 26
9 31
9 32
7 73
6 88
3 37
6 2
8 49
7 88
4 43
7 31
3 67
7 41
5 27
7 90
3 42
4 70
10 63
5 27
3 81
4 57
5 76
6 41
7 6
9 36
3 21
10 61
6 11
4 65
7 58
5 86
10 4
9 71
6 13
3 58
3 7
10 65
9 56
5 19
10 53
5 77
4 3
6 64
3 59
5 69
6 36
8 17
4 9
3 13
4 65
4 91
2 22
10 62
2 57
5 93
3 41
7 10
4 72
1 93
10 87
8 91
6 98
3 79
1 100
5 100
3 75
9 23
8 78
9 0
9 53
2 3
10 51
3 61
6 13
8 59
1 74
5 92
8 55
10 88
9 18
1 4
3 32
10 11
6 27
10 64
9 67
4 48
6 20
6 94
6 30
7 22
1 90
2 53
7 96
6 77
5 27
10 30
2 27
7 88
6 39
10 80
6 74
1 52
7 53
6 48
6 68
4 18
10 39
5 7
2 58
6 86
10 50
1 84
3 78
3 66
2 29
2 7
4 15
3 19
10 26
4 10
7 21
7 64
3 30
9 97
5 4
4 18
6 18
8 62
4 26
10 0
10 53
10 13
2 10
10 5
2 21
8 53
1 5
3 44
10 24
8 59
9 38
8 44
9 54
4 32
10 87
6 96
1 38
7 38
10 93
1 15
6 36
2 42
8 84
5 67
2 74
6 85
3 52
9 19
5 72
4 50
8 37
8 61
4 5
1 60
4 61
1 59
9 11
5 66
6 59
4 97
10 50
9 53
1 66
7 1
9 13
8 85
10 9
9 54
8 41
5 17
8 62
2 78
6 56
3 81
9 28
5 10
9 36
2 100
6 4
2 13
5 46
7 44
7 59
2 37
3 71
9 14
5 37
6 52
1 52
3 66
2 89
5 30
5 92
4 99
1 10
7 6
1 67
4 56
9 49
10 74
4 10
9 94
10 4
4 6
2 97
1 42
7 82
8 57
8 70
1 1
4 72
4 64
9 74
1 27
8 32
8 50
10 49
5 43
1 79
2 64
4 93
4 0
7 59
8 63
4 17
3 15
8 76
6 100
7 87
9 6
10 23
2 57
3 51
3 21
10 39
7 100
4 85
10 67
6 86
3 46
4 79
8 42
5 0
3 95
10 17
10 61
2 64
5 3
10 68
8 46
7 58
1 40
4 15
7 95
5 34
2 14
1 79
3 67
6 76
5 11
10 49
2 57
6 72
2 7
2 2
5 96
10 16
9 65
2 36
2 69
2 96
10 57
3 80
7 4
9 89
6 5
4 65
1 82
4 43
10 37
9 26
7 51
7 55
2 70
9 70
8 59
1 75
1 77
5 48
7 3
10 29
8 52
3 45
6 13
8 92
4 43
10 20
10 89
10 68
9 19
6 27
5 50
9 17
6 8
7 11
9 47
1 95
9 5
7 90
10 21
7 64
1 10
5 56
9 90
9 78
5 63
4 17
6 95
4 73
9 86
2 70
8 33
9 68
8 7
10 28
4 89
5 93
8 11
1 88
9 43
6 88
3 90
9 30
4 20
1 89
3 60
3 10
10 84
10 5
10 38
1 87
7 33
10 29
8 29
1 98
5 99
5 10
3 74
4 6
2 46
3 45
6 75
10 84
10 96
8 65
7 2
3 24
7 25
9 66
7 27
2 68
2 86
2 17
2 97
2 15
7 22
1 80
1 28
2 77
9 0
7 15
8 61
6 25
10 62
6 6
7 31
7 37
8 64
7 10
4 27
7 7
5 63
3 2
9 56
1 61
6 36
7 40
4 70
9 48
9 41
4 99
1 67
8 40
4 50
8 9
4 18
3 13
10 46
6 18
5 15
3 71
9 23
10 80
2 26
4 100
10 36
5 76
5 96
2 58
9 36
2 18
1 21
5 24
6 12
4 21
5 15
1 19
4 79
2 45
1 73
8 31
2 37
6 98
4 75
8 27
5 98
3 24
1 72
7 11
6 27
9 15
10 31
8 0
2 88
5 38
3 74
7 28
5 88
2 22
10 91
10 88
2 47
3 43
3 9
9 31
5 57
10 78
4 99
4 63
8 30
6 31
1 94
4 43
1 58
1 17
10 29
7 62
2 69
1 84
7 66
5 63
10 49
10 83
10 0
9 19
5 96
2 30
1 15
7 91
9 12
2 47
7 64
4 64
10 39
8 41
5 80
1 81
8 71
1 87
7 40
8 40
1 97
9 38
8 83
9 32
9 15
3 54
7 75
8 98
7 71
9 36
9 84
6 63
4 40
6 68
9 72
10 19
2 71
5 31
10 61
3 94
6 93
7 75
8 76
3 47
2 69
6 78
1 78
4 46
9 24
7 24
5 50
6 93
8 76
3 65
7 34
10 42
3 100
10 77
8 30
5 92
6 94
8 77
5 44
10 45
4 49
10 25
5 31
9 68
9 52
6 98
9 79
5 86
1 68
5 36
9 55
6 74
4 10
6 54
3 21
7 89
4 57
9 38
4 64
9 73
2 96
2 23
3 95
1 68
10 1
7 81
5 61
7 82
3 69
1 80
3 93
6 36
4 55
10 0
2 100
4 27
4 41
10 13
4 71
4 42
6 25
9 91
10 9
8 71
5 10
5 30
3 80
1 77
7 3
7 69
4 11
8 75
4 2
7 87
10 9
4 68
4 37
10 30
5 30
1 26
4 28
8 52
4 30
4 43
5 59
1 49
5 97
10 13
2 94
8 37
9 20
9 70
1 4
9 34
10 75
9 55
8 13
10 78
1 10
4 82
9 24
1 59
5 3
5 17
5 66
10 50
3 99
1 37
10 83
1 53
8 89
8 60
3 54
10 8
1 55
4 96
3 78
1 44
7 69
5 25
9 3
3 7
10 59
5 29
2 41
7 23
7 1
6 63
9 13
3 48
8 54
8 80
8 67
5 3
10 67
3 60
10 69
6 29
4 59
8 23
10 97
10 40
6 48
10 80
8 35
8 11
8 76
4 9
3 22
6 41
4 42
4 1
10 75
9 51
1 76
4 94
1 84
5 52
10 25
3 1
7 79
5 17
5 25
4 10
3 39
3 37
9 21
9 89
8 55
5 60
2 21
5 6
7 95
9 31
1 75
8 19
8 14
2 31
1 57
1 9
10 92
7 77
9 68
4 25
1 3
6 49
1 8
9 93
6 85
2 47
10 95
10 15
5 72
4 61
3 27
3 50
7 94
1 76
4 11
9 49
3 64
10 4
5 52
4 9
7 16
4 37
10 0
8 86
3 53
7 32
1 63
9 96
7 50
1 51
2 50
2 27
9 55
6 16
3 46
1 55
5 68
10 92
4 13
6 25
10 83
10 54
1 43
4 77
9 47
1 11
10 37
8 6
9 95
2 16
6 6
4 29
6 56
5 14
4 30
6 51
9 51
7 37
1 100
5 90
10 15
4 68
5 50
6 28
5 3
5 73
5 74
3 71
1 18
1 17
8 31
8 54
1 76
2 36
7 37
4 20
4 15
7 13
7 99
6 8
9 1
3 46
4 68
3 81
8 87
3 56
7 28
7 85
9 6
9 82
9 63
7 75
3 43
6 88
10 89
1 77
5 86
3 64
3 93
4 8
9 42
4 73
10 71
7 51
9 10
2 31
3 10
10 93
1 13
4 12
4 74
5 62
6 14
9 69
6 98
3 5
2 30
2 90
8 1
3 35
5 77
2 27
10 17
2 61
6 71
3 12
1 26
2 83
7 32
8 3
8 52
10 21
1 3
6 97
1 83
10 62
5 2
4 20
5 75
2 51
9 8
10 98
7 25
3 16
3 90
10 48
7 46
9 30
6 32
5 78
10 31
4 81
2 45
4 89
1 7
2 93
5 34
7 84
7 32
3 69
6 1
10 96
5 62
1 38
2 20
10 17
8 42
9 86
4 19
10 89
4 68
5 53
5 95
3 90
6 92
4 36
4 62
7 41
6 8
5 41
7 37
10 50
10 53
9 88
2 40
10 41
1 56
1 90
8 97
3 4
2 89
8 47
8 49
6 70
6 42
1 54
3 21
5 34
1 64
5 71
2 65
10 42
2 16
8 89
4 92
6 10
5 30
1 23
4 58
8 81
5 21
4 98
5 55
3 58
2 73
5 12
9 22
8 54
9 86
4 83
7 83
7 70
3 30
9 36
8 93
6 45
4 78
2 45
3 18
2 60
3 10
10 48
9 94
10 18
2 6
5 6
6 2
4 28
4 32
5 23
10 30
8 18
9 64
6 88
4 4
10 72
9 7
2 85
10 12
1 27
4 21
8 55
5 57
1 47
5 51
8 12
6 82
7 91
8 31
3 20
10 74
5 72
3 11
3 59
7 44
3 33
6 93
9 67
4 19
4 53
7 6
6 7
10 52
9 23
7 74
2 35
6 24
7 29
1 22
5 73
10 48
5 29
2 53
3 1
5 83
6 80
10 60
1 27
7 94
8 29
4 5
2 17
8 16
5 16
8 49
4 49
7 37
1 98
6 32
2 70
3 13
9 48
8 31
1 22
3 10
9 79
4 79
5 26
2 33
10 35
1 35
6 22
10 38
5 27
4 6
2 40
1 88
2 64
5 46
3 67
8 14
9 42
1 39
3 97
9 34
2 34
3 40
10 80
1 39
5 64
1 32
9 39
8 78
7 98
8 23
7 25
7 77
4 65
7 31
8 35
7 88
8 70
8 65
6 40
10 86
7 34
5 67
3 17
6 62
1 9
5 8
3 55
6 29
2 10
10 19
5 79
6 4
4 77
4 77
4 12
3 26
5 20
1 75
8 73
6 29
7 9
8 52
6 54
2 100
8 40
5 69
5 6
10 81
8 12
3 92
2 43
5 42
5 91
6 4
8 16
6 47
4 69
1 78
8 59
10 5
4 55
4 73
10 4
3 82
8 90
3 62
7 52
8 26
9 39
4 12
5 74
3 88
4 79
3 24
10 15
3 75
5 20
2 65
7 31
8 67
5 90
4 76
6 49
5 18
4 42
8 75
4 93
8 18
7 86
8 2
5 2
7 47
7 88
4 39
9 39
2 54
8 96
8 50
8 36
2 11
1 8
3 62
1 25
4 10
2 95
9 74
1 67
3 51
4 19
6 67
1 46
4 80
8 37
9 99
8 14
8 16
10 54
8 27
4 78
6 19
6 87
8 76
9 17
6 35
4 90
1 67
6 72
10 71
1 15
1 51
9 36
10 31
3 94
3 63
10 86
9 90
2 33
9 14
5 18
3 57
5 75
1 13
9 70
5 44
4 26
9 67
2 89
6 61
6 2
3 36
5 7
5 65
3 47
7 60
9 49
3 90
8 73
9 40
10 18
8 100
3 81
3 12
7 51
1 26
1 5
1 18
2 85
3 68
8 98
8 18
3 48
6 52
1 29
4 5
6 100
6 49
6 61
5 72
7 9
4 52
7 70
8 72
9 61
6 6
8 81
4 6
4 14
2 96
7 69
2 82
10 99
4 6
4 24
5 54
10 31
3 90
10 27
3 13
6 54
6 91
6 45
3 52
5 6
10 39
9 36
9 99
4 97
1 1
4 74
5 5
7 64
2 79
2 84
7 80
8 49
5 50
9 45
4 76
9 28
10 34
8 9
7 50
7 74
10 13
8 82
4 0
3 70
7 56
3 88
3 92
7 88
2 63
2 9
3 58
3 25
3 31
7 21
8 93
5 36
5 4
8 35
4 31
4 52
5 55
10 32
9 14
10 21
3 73
5 4
1 20
3 63
3 65
2 59
4 5
1 76
5 78
6 21
6 61
1 49
3 19
7 22
4 9
1 39
3 29
7 55
9 4
8 62
3 26
8 64
2 73
1 73
6 6
7 70
7 73
8 19
7 32
10 72
8 51
1 61
6 30
2 7
2 10
1 99
9 32
10 53
2 27
4 100
6 73
3 37
2 31
8 13
7 35
1 64
3 26
10 56
1 0
10 63
3 27
9 60
7 0
9 14
3 98
10 1
9 14
5 70
1 93
6 2
5 62
1 34
10 36
4 74
3 75
7 51
6 99
5 7
8 37
4 82
7 6
1 19
10 26
9 51
1 83
8 57
4 63
3 57
1 33
1 42
5 80
8 54
8 24
4 50
2 73
7 71
6 4
2 90
3 43
4 24
10 90
10 22
10 71
10 43
8 60
5 19
5 35
4 56
9 82
4 12
7 31
8 7
5 11
5 40
5 39
2 92
4 27
2 4
1 83
7 18
2 1
4 13
4 0
10 74
9 4
6 96
6 42
1 36
6 41
3 32
4 12
10 20
5 42
6 92
9 32
2 51
2 13
5 91
9 65
9 13
10 44
6 75
10 76
1 10
10 55
10 38
3 90
4 4
1 79
9 78
5 10
4 98
4 56
2 70
3 29
1 11
5 32
8 81
9 56
6 68
10 64
4 3
9 20
10 40
1 4
3 5
2 100
1 94
4 4
3 44
1 88
1 44
2 57
2 49
6 89
2 79
3 78
10 84
7 64
8 35
10 23
8 91
1 46
9 90
2 78
2 4
4 38
4 81
7 93
4 8
9 82
9 29
7 73
7 66
8 69
10 45
6 61
4 98
2 75
5 61
8 98
5 29
3 26
6 80
4 90
2 54
3 20
2 44
5 37
6 49
9 10
6 23
1 9
2 97
10 89
1 100
10 50
7 1
9 66
7 50
3 96
8 30
8 42
2 78
5 13
5 42
8 53
8 95
3 13
9 1
4 74
9 82
9 84
4 13
1 91
4 46
1 41
8 90
3 17
6 56
7 91
9 30
1 60
3 48
1 61
6 19
5 22
4 45
9 15
8 89
7 76
6 99
2 55
9 33
8 80
2 96
3 23
10 87
10 68
5 25
3 24
4 95
9 93
8 15
7 14
2 82
2 78
7 4
2 100
7 12
7 20
7 90
7 45
1 31
2 41
7 66
1 20
9 98
9 1
1 93
3 78
3 88
8 53
3 84
4 85
9 5
1 64
8 82
8 66
8 21
6 57
2 20
1 91
3 85
1 67
8 30
1 79
6 80
5 100
9 60
5 36
4 98
2 14
6 0
3 100
2 20
4 1
9 77
5 77
6 98
3 21
4 2
6 13
4 25
1 87
5 1
6 36
3 44
9 61
1 70
7 74
6 1
6 59
1 42
8 29
7 22
2 28
7 91
9 71
10 81
6 96
3 73
4 7
3 14
10 66
7 20
7 58
10 39
6 55
10 55
7 90
2 14
7 12
3 52
8 81
8 30
7 34
3 95
6 51
9 8
1 43
6 83
9 88
10 53
7 58
5 98
4 52
6 62
9 79
7 16
2 45
9 22
8 66
5 45
3 79
3 48
2 0
9 94
7 93
5 83
8 18
9 9
6 73
1 55
3 89
3 64
7 23
8 69
1 81
9 21
1 7
9 4
6 65
2 58
6 43
9 3
3 79
7 91
6 5
7 43
3 78
9 20
9 70
4 53
4 94
2 76
10 64
5 4
10 14
10 85
9 78
7 55
7 33
10 83
7 79
8 77
10 14
3 94
5 49
5 83
7 68
4 51
2 62
10 76
3 86
4 40
1 45
10 92
7 67
2 10
2 57
7 55
5 51
3 66
7 35
2 8
3 95
3 52
4 72
3 100
6 8
6 78
9 98
4 34
5 12
1 20
10 50
4 85
7 65
8 21
6 91
3 43
4 59
8 2
10 0
10 6
10 47
7 1
3 68
2 93
5 21
9 13
9 64
2 37
6 0
3 32
2 50
5 34
8 28
7 66
3 68
6 84
1 16
10 37
8 44
2 9
3 93
4 34
6 23
8 99
4 2
3 44
2 47
10 58
8 88
2 94
6 99
1 17
1 35
2 49
10 95
8 58
3 26
2 10
8 28
8 46
9 90
4 47
1 92
7 95
6 33
4 67
8 55
3 0
8 43
6 14
1 31
9 25
8 75
5 45
8 55
6 6
8 67
6 29
5 84
1 14
2 11
6 96
6 66
4 11
3 96
5 2
4 15
5 0
1 71
5 68
7 58
8 84
7 70
5 94
8 82
9 99
7 93
9 78
1 3
1 96
2 26
3 27
3 18
2 79
3 13
9 7
10 39
8 38
8 30
2 67
7 69
8 51
8 95
6 3
10 67
6 52
7 45
7 100
5 93
3 73
5 54
6 61
3 12
10 89
2 73
10 57
9 56
8 85
1 67
6 13
3 52
10 72
3 92
7 59
8 30
10 73
5 40
10 37
6 85
1 66
2 0
7 55
7 91
8 51
5 100
3 80
5 80
5 89
2 97
4 33
10 29
8 32
9 9
9 42
2 9
2 5
1 63
10 96
3 16
6 5
4 27
3 88
1 58
9 30
1 47
6 48
9 1
1 41
9 42
1 89
4 40
6 37
9 49
2 19
9 50
6 54
10 82
5 25
9 39
7 17
1 83
3 33
9 98
5 32
5 70
2 93
4 0
9 9
8 4
4 73
10 55
10 43
7 90
10 72
3 20
7 20
2 90
8 61
2 67
6 60
4 64
4 57
8 80
8 0
4 22
1 93
1 3
6 30
7 84
5 13
10 38
3 2
1 19
2 8
5 50
6 72
7 42
6 63
4 87
3 58
1 72
10 44
10 82
10 56
7 97
8 35
7 0
10 39
3 9
9 51
9 17
1 49
10 43
6 26
7 87
8 33
4 70
7 99
2 3
2 9
7 75
8 67
3 32
8 45
7 79
9 55
3 30
4 50
8 7
9 1
10 40
1 61
5 16
1 4
10 41
5 24
10 83
3 13
10 48
8 35
4 77
7 78
3 83
1 55
8 74
2 96
6 40
8 66
2 0
7 53
5 18
5 2
2 9
7 58
8 61
6 67
1 82
1 87
7 81
1 44
2 12
7 59
5 54
10 37
9 15
9 87
2 9
5 1
7 95
10 94
8 21
5 12
1 98
6 38
10 97
4 98
10 56
5 4
3 92
7 16
1 30
3 45
5 48
9 58
8 79
6 63
5 6
3 39
4 35
8 34
1 53
3 44
7 85
5 0
10 43
4 44
7 69
10 40
4 57
5 39
10 40
6 11
3 84
1 37
5 94
4 27
7 66
1 78
7 89
2 90
4 21
9 95
6 94
2 48
4 24
6 28
2 35
3 11
6 45
3 92
5 20
4 17
3 70
6 61
2 36
3 41
2 4
1 7
6 59
9 5
7 94
6 46
10 30
2 13
6 43
10 71
9 50
10 60
6 28
6 10
5 69
2 44
7 100
2 60
9 9
10 69
2 7
7 51
2 92
2 36
4 37
1 89
2 73
8 70
8 71
4 73
1 42
6 70
5 85
5 71
7 33
8 3
7 44
8 49
9 22
10 21
3 45
9 35
10 93
9 38
1 15
2 76
6 78
7 49
4 29
4 71
7 48
8 44
8 55
3 95
2 87
7 6
10 37
6 72
4 31
8 64
5 74
6 12
2 92
1 85
6 80
8 86
8 87
1 47
1 64
10 46
1 36
7 23
4 90
5 11
9 86
10 37
3 56
6 70
4 93
6 84
3 80
9 4
4 74
2 61
9 26
4 36
9 48
1 66
9 12
1 43
1 59
5 54
10 88
2 57
7 65
1 45
7 59
2 70
2 40
6 92
3 70
6 83
10 12
9 36
8 9
3 26
7 88
5 37
6 66
9 66
7 88
7 31
1 64
10 46
6 33
5 61
7 52
10 54
8 3
7 27
2 94
4 28
8 12
6 16
3 20
1 92
9 67
5 2
2 42
1 11
3 20
8 3
9 30
9 79
10 78
7 96
2 11
10 57
10 44
8 83
5 45
7 65
7 66
2 96
9 4
6 31
1 71
2 3
8 47
8 19
6 63
6 52
2 70
7 75
2 70
2 53
8 81
8 91
4 21
6 85
9 0
6 39
6 23
10 50
2 88
2 44
3 10
7 71
9 13
10 15
1 88
1 14
2 12
6 74
5 3
2 15
6 62
2 21
7 81
6 77
8 88
8 10
1 33
8 97
1 53
2 61
1 73
9 49
10 36
6 51
4 39
6 25
5 68
10 70
7 77
8 17
1 43
5 24
6 0
2 66
1 76
6 2
9 28
8 60
4 95
9 1
4 92
9 56
7 82
1 18
9 37
8 71
5 64
5 15
1 83
4 11
3 33
6 66
3 6
4 20
1 41
4 90
8 11
2 92
5 53
9 21
8 10
3 22
8 73
8 8
3 25
3 94
7 19
3 86
8 16
6 29
9 81
9 68
10 55
9 15
4 69
7 98
5 59
10 52
6 37
2 14
4 0
10 84
6 65
8 45
8 48
10 58
2 34
3 12
5 27
6 85
6 26
10 36
3 60
7 99
2 39
3 54
6 7
3 91
10 45
5 57
7 26
9 80
9 77
10 6
3 60
8 10
10 16
9 85
4 60
4 45
1 38
8 89
9 55
3 88
7 6
9 87
5 21
1 90
10 57
2 33
8 100
5 70
9 20
2 83
2 73
2 32
7 16
7 20
7 37
2 37
10 100
7 16
10 81
6 77
4 72
6 15
2 18
10 72
9 51
2 68
9 9
9 66
5 2
6 90
10 9
4 62
1 0
10 46
1 39
3 97
1 92
5 24
7 78
7 70
2 40
5 90
3 19
5 66
3 7
4 64
8 72
7 98
6 7
10 31
10 37
5 17
6 12
9 16
6 7
3 35
2 41
3 29
1 59
5 78
6 89
7 51
2 51
3 20
8 69
3 61
6 53
9 79
8 6
10 9
6 60
8 72
7 12
8 62
7 82
5 65
6 36
6 73
6 97
9 57
4 65
7 100
4 100
2 25
8 83
6 42
2 87
8 84
8 4
10 0
7 72
4 51
3 19
4 37
7 66
1 14
3 73
4 35
4 42
6 80
4 90
8 7
1 48
3 19
4 56
5 48
4 27
4 8
10 68
2 82
6 92
8 87
5 86
10 1
6 37
4 25
8 12
10 10
4 62
2 50
7 63
10 46
9 83
10 40
9 72
3 13
4 59
3 80
4 21
3 29
5 4
9 45
9 30
6 75
9 34
6 79
6 59
2 35
1 33
2 58
7 20
6 69
10 40
8 9
4 57
1 5
5 82
2 21
2 98
10 57
4 89
4 59
1 6
5 14
1 41
8 61
2 23
1 35
7 49
5 8
3 32
9 37
7 23
7 10
7 83
2 14
2 11
4 39
3 35
9 35
3 21
6 50
3 18
5 95
3 45
9 92
10 99
7 44
8 26
3 53
1 48
5 84
9 70
4 91
3 28
1 70
8 53
2 42
2 71
1 12
6 85
6 42
6 33
8 17
7 83
10 9
9 20
3 89
9 62
9 2
5 66
9 99
7 41
5 51
7 68
7 81
3 74
10 89
7 18
4 18
8 57
8 90
2 59
7 67
9 8
6 40
4 4
2 63
5 90
10 85
1 0
2 30
2 49
9 3
3 79
2 89
2 52
3 37
1 50
8 100
3 47
6 38
3 13
5 1
4 0
6 77
6 43
3 39
3 44
1 64
4 96
9 73
7 12
3 33
10 51
2 42
3 87
7 7
4 23
8 84
7 42
10 18
8 2
6 87
8 5
2 98
10 55
5 1
5 57
5 62
6 26
10 73
7 63
7 74
9 97
6 24
7 13
10 24
8 97
10 64
4 15
9 14
5 90
5 27
7 25
3 3
1 45
6 81
10 94
3 12
2 25
3 78
2 10
8 70
4 41
7 69
10 52
7 56
1 27
6 98
6 62
10 73
3 11
1 19
4 93
3 39
7 14
5 40
10 93
1 81
7 61
8 15
7 49
8 18
9 37
6 40
3 69
4 1
5 97
3 54
6 95
8 95
2 53
7 79
1 82
10 79
5 89
7 32
2 39
10 95
10 55
1 61
7 84
7 39
1 92
3 82
4 37
2 2
7 68
4 53
10 85
6 42
5 45
8 58
2 8
9 42
6 37
7 16
5 73
6 62
6 49
2 40
2 100
8 68
7 25
3 24
6 84
7 9
9 56
9 18
5 91
7 91
5 23
5 87
3 25
5 38
2 35
6 83
1 95
9 91
2 31
8 60
4 78
1 33
1 95
9 31
4 14
2 67
3 98
5 16
1 79
10 22
4 45
3 73
6 74
4 19
10 34
10 86
2 49
5 9
2 27
10 34
2 86
5 93
3 77
5 84
7 33
9 88
8 69
6 57
8 3
6 63
3 56
2 80
5 18
3 62
10 35
7 42
5 22
10 22
7 18
3 97
8 43
5 37
2 33
7 89
3 100
3 38
3 91
2 27
6 52
2 13
6 3
6 98
6 7
9 58
5 90
8 26
5 67
3 60
7 17
10 56
9 80
10 83
5 89
4 48
8 100
1 63
8 97
4 34
2 5
3 63
9 56
2 64
10 29
8 12
10 59
7 37
2 7
6 80
3 16
6 30
9 29
5 49
2 15
5 62
1 10
4 46
9 0
4 91
7 31
7 32
5 34
4 1
10 87
6 53
1 39
8 2
8 89
9 87
6 44
4 90
8 93
6 37
7 83
6 2
8 40
1 62
4 12
1 77
2 81
2 77
6 31
2 61
2 49
4 55
9 51
10 71
1 78
1 26
1 24
6 48
6 87
7 77
9 35
5 65
5 60
10 1
7 20
5 32
1 33
2 27
6 99
1 41
9 53
10 14
7 41
8 97
3 6
5 31
4 82
8 23
3 95
2 40
5 0
4 39
10 8
9 96
3 79
10 28
7 73
3 47
1 25
8 28
5 5
5 55
9 37
6 6
5 61
8 50
3 67
1 58
8 66
6 22
1 82
6 35
9 99
2 33
3 100
7 13
9 86
7 81
4 13
5 68
3 86
6 55
6 79
5 2
10 5
10 19
5 57
2 51
1 77
4 30
10 61
7 45
2 33
5 96
9 87
2 41
6 18
9 3
10 13
2 92
1 81
8 57
6 91
7 99
2 36
9 26
3 43
9 3
7 9
10 73
3 22
8 84
1 86
4 35
10 32
8 70
1 29
4 96
2 46
3 74
7 32
3 24
4 13
3 92
2 35
7 68
6 28
4 15
4 39
8 60
9 22
8 5
3 5
2 74
6 34
9 10
6 70
1 3
9 14
5 83
1 60
7 85
3 77
4 87
2 43
7 80
5 98
10 30
5 90
2 82
6 60
4 24
3 94
3 67
7 48
7 90
6 72
5 86
4 84
7 78
4 37
5 3
2 50
8 35
7 26
7 7
8 19
4 37
1 58
6 60
10 48
9 84
8 22
7 94
2 82
5 20
1 33
8 51
10 86
4 93
7 45
3 55
3 82
5 5
7 99
3 79
4 19
9 47
10 42
5 23
4 66
3 63
8 86
7 96
3 53
6 72
8 60
3 15
7 56
6 30
3 72
10 93
9 6
10 20
4 39
2 31
6 96
1 62
5 84
5 20
9 62
5 98
2 21
2 58
2 84
8 2
4 66
1 24
4 4
6 50
1 30
1 69
8 29
10 71
3 2
8 64
9 1
10 35
8 71
10 46
2 84
5 56
2 22
3 78
10 39
10 24
1 90
5 16
6 31
5 73
2 6
3 65
2 11
7 47
8 0
6 52
7 59
1 97
7 71
10 30
7 91
10 15
3 15
2 64
3 91
9 14
5 1
9 40
6 57
8 38
8 77
9 48
7 95
9 77
1 6
6 76
5 49
2 81
2 51
8 11
9 81
9 29
1 13
4 66
2 47
5 94
9 9
3 62
8 26
7 60
4 23
8 70
10 57
5 97
5 73
9 85
9 72
6 57
4 33
10 97
10 80
1 47
7 23
4 74
10 52
2 70
1 68
1 33
1 10
9 12
8 32
2 7
6 31
1 59
1 83
9 63
1 42
8 97
8 63
4 39
4 35
10 62
8 41
5 87
7 47
2 60
3 92
1 86
1 44
2 73
2 33
1 26
6 14
8 62
1 85
9 43
3 12
9 96
4 77
5 98
10 86
9 61
8 36
5 47
10 89
5 12
1 45
1 66
10 93
6 75
10 65
2 92
9 97
10 95
1 63
10 3
1 47
3 21
1 37
2 64
7 2
3 23
2 27
6 13
8 100
2 28
9 65
4 97
9 1
6 14
3 40
8 33
1 45
4 11
4 43
6 48
4 79
8 37
9 56
5 17
9 11
10 2
2 32
9 71
4 7
7 60
8 11
8 12
10 21
7 9
4 37
6 91
6 48
2 0
10 96
5 60
9 53
7 19
9 27
3 25
8 26
5 24
8 78
8 45
3 20
9 64
2 11
8 78
3 46
3 12
3 30
8 86
4 33
1 44
7 54
10 96
2 75
10 17
9 31
8 67
4 30
4 79
7 69
10 82
10 15
6 57
4 45
1 99
5 4
8 30
4 6
4 5
7 38
2 48
7 28
8 97
3 23
8 39
3 6
3 52
5 7
7 56
8 87
10 29
10 92
1 36
6 87
6 20
1 53
6 29
6 33
3 36
7 16
8 64
6 85
8 46
5 96
9 77
2 51
5 61
5 6
4 1
10 11
4 49
10 44
9 39
10 97
5 65
1 24
5 67
7 90
9 16
7 90
3 50
8 26
3 73
8 64
7 50
9 61
4 33
3 91
4 64
6 24
5 90
3 20
10 18
3 79
4 18
4 49
4 36
4 64
9 21
4 25
3 57
8 10
1 88
5 92
4 97
7 95
10 16
7 67
5 74
5 68
4 54
8 59
7 27
2 83
7 55
9 26
2 68
3 50
10 80
6 97
8 95
5 49
2 0
6 58
8 54
8 4
1 64
10 100
3 62
8 68
2 69
6 14
7 37
9 39
1 38
4 98
8 83
10 39
1 15
9 57
9 92
3 55
2 18
7 94
9 74
3 45
2 1
3 86
2 53
7 61
3 66
4 96
10 24
10 5
2 57
1 25
3 68
4 79
10 79
3 47
4 35
1 10
2 1
3 69
6 17
4 19
6 96
8 96
4 78
4 8
7 59
3 95
7 69
3 1
5 26
2 89
4 44
4 35
1 14
6 15
1 90
6 8
4 57
9 42
2 0
8 92
3 22
10 2
8 15
7 0
8 85
2 45
8 59
4 0
6 1
1 65
1 76
10 46
7 85
3 63
1 46
2 75
6 42
6 3
4 6
3 64
1 68
5 69
8 63
1 96
8 34
8 8
8 62
9 17
1 35
9 73
1 79
10 30
3 40
2 31
6 9
5 58
1 0
1 10
5 44
10 8
5 91
2 50
9 42
1 85
9 32
5 16
10 17
5 20
8 2
3 31
6 68
3 73
7 35
1 96
4 30
5 47
8 29
5 68
4 37
3 23
8 22
4 47
10 53
4 38
4 95
9 66
2 85
4 20
3 35
4 5
5 88
1 22
10 46
2 58
3 70
7 12
6 36
8 94
4 9
10 57
2 66
9 38
9 32
2 17
7 28
4 19
10 9
7 13
8 88
8 56
2 16
9 44
6 8
2 14
4 46
5 65
6 15
7 4
4 38
10 63
2 17
2 59
1 51
10 11
9 56
8 76
4 19
3 63
1 55
1 70
4 82
8 16
3 77
4 26
6 15
6 30
7 81
5 50
10 41
3 7
4 75
5 45
1 95
4 42
1 39
2 44
9 78
8 54
7 60
10 72
2 38
9 72
5 90
8 78
6 58
7 36
1 19
5 24
9 55
10 54
3 21
7 23
1 44
4 84
6 34
8 61
10 77
7 45
9 98
9 94
10 80
10 40
7 100
4 17
7 61
9 4
4 9
8 48
6 78
10 38
4 32
3 75
2 7
9 24
3 17
1 62
3 56
3 24
2 63
2 100
10 6
2 63
9 31
9 47
6 73
2 6
3 29
5 61
6 11
8 35
7 5
3 66
2 19
1 89
2 93
1 79
2 56
1 57
2 69
6 14
4 69
10 5
4 83
3 65
7 98
4 95
1 1
6 30
10 50
10 60
6 72
8 73
1 98
8 29
3 84
6 100
6 67
3 53
3 95
3 51
10 19
10 20
9 29
8 13
1 29
1 54
3 91
5 85
8 39
5 4
9 86
5 83
10 61
5 91
2 90
8 38
5 11
9 64
5 64
6 45
3 72
7 50
7 50
4 61
10 88
8 1
2 1
4 4
4 18
9 94
4 8
1 59
6 54
1 54
3 61
9 77
8 51
1 100
5 20
10 26
2 72
7 98
3 79
7 53
10 83
8 44
6 29
3 66
8 88
5 80
5 52
2 43
9 84
10 17
6 37
2 90
1 5
9 79
1 6
10 9
4 70
6 56
2 50
1 78
5 69
5 91
8 42
1 53
5 70
7 22
10 26
7 60
1 0
7 83
2 23
1 55
6 5
8 13
8 58
9 17
2 98
2 17
9 95
4 54
5 38
2 97
10 76
6 36
7 81
7 54
1 49
7 58
4 97
9 27
2 41
7 28
8 59
10 27
7 60
6 34
6 4
6 83
10 98
6 26
5 4
6 76
6 85
3 100
1 46
2 60
5 56
4 48
2 39
7 26
6 87
2 55
5 76
6 58
10 66
6 18
9 87
1 38
9 35
9 10
1 34
9 92
8 67
3 58
2 70
8 39
10 52
10 98
10 42
7 43
4 57
8 55
5 77
7 77
1 22
6 9
7 28
2 35
9 83
8 27
7 41
1 62
2 80
10 59
1 11
10 15
8 80
9 68
10 88
8 28
4 77
10 52
9 9
2 10
7 34
6 64
2 90
4 50
3 16
5 79
7 63
3 88
8 89
7 61
4 36
10 97
2 88
6 97
3 82
4 31
5 27
9 56
3 27
9 90
10 35
9 76
7 42
5 87
4 41
3 4
9 86
3 29
5 12
7 36
10 92
7 74
4 54
4 41
2 42
7 72
4 97
10 76
10 36
7 81
8 73
1 98
7 10
5 0
8 31
6 90
3 45
5 43
6 87
1 48
1 89
9 18
4 55
10 55
9 7
1 33
1 6
1 91
8 33
6 11
6 83
5 32
7 85
5 12
8 57
9 17
8 60
3 16
9 0
3 10
8 19
2 25
7 69
1 0
7 28
2 10
7 13
1 88
4 39
2 1
8 96
4 47
8 62
5 19
1 77
4 70
4 0
6 23
9 53
5 1
2 65
1 52
1 66
1 20
7 34
8 32
1 58
8 54
5 87
7 25
7 38
3 0
1 45
10 99
10 2
10 80
3 34
6 13
4 28
1 43
2 61
7 9
3 91
2 94
4 7
5 13
2 39
8 92
9 27
2 84
2 49
8 71
2 99
1 39
6 6
4 98
10 17
7 54
1 92
2 91
5 20
6 44
4 30
4 32
10 19
1 1
2 51
9 4
9 63
7 84
2 23
5 22
8 30
6 22
2 29
5 8
9 39
7 3
2 50
3 82
7 72
2 43
9 88
3 53
3 25
8 65
1 96
2 53
6 62
6 32
1 1
8 27
1 99
7 82
1 22
3 31
4 72
2 50
10 25
5 77
8 28
6 14
3 57
5 3
4 100
9 13
5 8
9 9
2 77
5 12
8 71
2 44
9 100
8 0
4 10
5 15
6 5
1 9
3 52
6 87
2 2
7 92
2 57
8 91
4 39
6 62
1 50
1 57
8 33
6 85
3 55
9 65
3 53
4 67
5 32
4 30
4 100
6 24
2 51
10 3
4 0
4 41
3 67
9 65
4 92
3 69
2 30
1 80
6 0
2 35
3 4
1 24
8 80
8 75
2 89
4 59
3 92
4 60
4 61
10 38
3 49
2 42
10 98
3 35
2 61
7 16
6 8
9 90
1 24
5 5
7 57
3 32
6 60
5 55
4 82
1 21
5 0
9 60
2 11
10 77
1 50
8 69
5 5
2 4
5 10
8 36
9 18
3 69
7 56
4 98
4 77
1 10
5 44
7 88
8 56
4 37
9 29
1 78
3 95
8 90
6 39
6 36
8 51
2 74
1 98
3 94
9 56
10 15
7 43
1 61
2 7
10 77
8 27
2 68
1 10
8 19
9 75
10 72
10 65
5 93
10 12
6 43
6 1
8 55
7 37
7 77
3 75
5 85
5 51
3 22
10 100
5 30
3 2
5 61
6 28
2 48
8 92
3 73
5 61
7 65
9 39
3 3
9 28
5 100
3 45
8 2
4 42
8 75
9 2
2 54
5 52
