10000
7 28
4 51
9 26
7 63
6 45
4 72
8 57
1 45
6 90
8 51
6 25
2 44
4 64
4 17
1 49
4 90
8 56
4 100
6 12
4 6
2 58
6 70
3 21
10 45
1 76
10 81
8 70
6 3
4 36
10 7
7 37
8 69
1 32
4 60
5 32
4 56
3 75
9 69
10 55
5 25
1 17
9 4
1 33
8 71
8 32
10 75
2 23
8 7
2 0
7 99
1 5
3 16
9 63
3 21
10 81
5 51
6 25
6 100
4 99
2 19
2 15
7 57
7 61
7 75
2 83
5 63
3 61
3 34
9 98
8 93
5 17
6 42
8 64
1 27
1 85
8 15
2 100
3 2
4 21
1 89
4 18
5 66
7 82
1 1
5 68
2 11
4 29
8 31
2 42
9 31
4 89
5 78
2 58
2 3
6 7
5 91
8 9
3 49
1 1
10 22
6 61
7 38
9 79
8 61
5 40
9 8
6 43
1 99
7 45
7 55
4 87
6 65
10 87
2 45
2 32
8 68
3 80
2 90
7 19
2 33
10 66
2 69
5 93
1 70
10 73
1 56
5 83
9 42
4 76
1 72
8 16
2 71
3 11
10 57
3 33
6 97
7 7
9 63
3 1
1 3
10 48
5 31
2 7
6 47
6 0
10 60
6 39
3 90
5 70
6 98
7 8
2 85
8 97
6 71
6 63
2 65
1 94
3 17
5 19
7 75
8 15
5 84
4 79
5 70
6 94
7 28
4 93
8 57
2 17
3 21
3 74
2 58
2 79
2 59
9 0
8 12
10 72
3 71
7 18
10 50
10 76
8 13
3 21
10 0
10 89
1 16
3 83
9 18
6 8
6 10
2 98
5 22
10 12
10 15
3 62
1 97
3 84
7 45
7 73
3 26
9 30
9 81
2 10
3 20
2 35
3 67
1 95
4 44
2 96
1 55
2 70
9 93
10 72
5 34
6 83
6 95
3 80
4 27
1 29
8 59
10 67
6 79
6 82
3 20
3 41
2 1
10 92
3 21
10 14
10 47
10 4
1 96
7 90
10 6
2 39
9 31
2 62
4 62
2 5
1 25
9 97
1 18
9 93
7 10
7 96
1 68
7 7
10 60
7 11
2 50
5 100
7 96
2 23
7 61
7 73
8 31
2 83
8 6
1 7
10 4
1 66
8 16
10 78
8 87
5 76
9 17
8 38
4 43
1 92
8 90
1 59
10 53
5 41
5 9
7 100
1 54
9 94
7 99
7 85
6 53
2 4
10 53
8 19
10 32
4 90
4 40
9 7
4 95
8 22
3 50
7 56
3 0
2 46
9 89
5 96
1 28
1 20
7 13
5 94
5 25
10 81
5 82
2 72
6 0
5 86
10 73
6 61
2 85
9 60
9 65
9 22
10 7
8 14
7 100
4 40
10 22
7 47
6 26
6 15
10 91
4 14
10 15
6 70
5 69
2 29
2 7
8 58
5 92
9 59
4 84
7 8
4 8
7 67
10 82
5 77
7 19
5 99
1 65
2 19
2 9
9 12
1 15
8 10
7 5
8 62
9 70
1 10
3 15
3 50
3 55
5 77
6 73
9 86
5 55
8 85
1 95
7 43
4 47
2 31
2 68
6 70
8 8
5 11
7 35
9 58
3 98
4 40
3 42
5 50
8 60
8 45
2 27
2 11
7 42
7 47
2 95
10 56
5 73
3 37
9 26
7 49
6 83
5 99
5 21
1 21
1 2
10 66
6 28
10 92
3 24
6 62
5 27
9 34
1 73
8 3
2 67
8 68
10 72
8 54
6 28
4 35
8 72
3 78
2 73
4 67
6 99
3 62
7 87
3 15
9 69
7 44
1 92
7 5
8 78
2 42
5 97
1 57
3 27
4 9
1 30
10 0
10 91
2 39
1 1
3 49
8 67
7 55
5 47
9 98
8 30
3 59
6 18
4 0
8 19
4 7
1 31
4 65
2 80
10 30
9 58
6 92
6 3
8 60
1 3
5 58
10 2
9 18
9 15
7 18
2 59
4 14
4 79
4 19
2 67
4 88
4 56
3 68
2 57
9 88
2 3
2 17
7 63
4 86
3 38
1 24
7 83
4 27
7 14
8 41
10 35
1 43
8 66
6 54
4 67
3 46
3 79
5 61
7 82
1 81
5 38
2 87
10 18
1 19
9 76
3 42
2 15
4 20
10 55
10 62
3 34
3 68
3 11
3 52
6 49
8 98
10 89
8 35
2 14
2 30
1 31
1 68
2 9
5 91
7 61
8 97
10 12
7 40
9 59
9 88
6 93
8 31
2 73
10 91
10 81
9 85
6 89
8 93
2 6
4 12
10 3
8 52
7 44
9 73
3 46
7 60
3 87
1 68
1 35
4 69
1 98
8 67
1 55
7 54
3 97
6 20
6 99
3 15
10 39
7 20
6 28
1 94
5 72
4 38
2 36
8 27
5 52
6 84
9 97
5 57
5 23
6 52
1 49
3 44
3 96
1 56
10 1
10 4
8 27
8 61
7 9
5 32
5 25
6 100
3 78
2 96
7 52
4 18
5 2
7 55
3 98
4 40
6 39
10 58
6 67
5 56
7 61
8 55
6 23
8 57
5 47
9 85
5 3
7 16
6 63
5 55
10 80
3 64
3 97
1 62
9 85
8 28
7 5
1 0
7 6
10 52
3 46
5 33
1 16
10 26
10 31
5 58
4 2
8 76
7 16
7 95
3 9
1 59
2 56
8 75
2 21
9 23
5 55
2 65
10 5
7 69
3 96
7 45
9 36
1 26
9 72
6 64
4 44
6 13
3 50
3 62
5 86
1 31
5 89
2 38
2 75
9 10
1 36
2 67
7 50
6 69
2 72
1 2
2 61
1 19
10 84
2 89
2 74
10 55
5 76
3 26
7 65
8 59
6 70
6 13
5 77
5 8
8 54
8 74
9 5
6 98
7 12
7 43
5 93
7 86
9 66
10 53
2 30
2 31
8 79
4 17
6 74
10 17
6 46
1 41
1 6
6 41
10 74
2 39
3 74
4 53
7 3
2 13
2 68
8 3
10 60
10 14
8 87
9 44
3 96
1 11
10 29
9 48
10 44
5 78
10 68
8 4
9 26
1 46
9 74
6 57
7 33
9 77
4 81
5 92
2 42
6 11
7 28
4 55
7 76
3 36
6 17
9 75
3 98
10 9
2 49
2 60
8 46
1 1
9 97
5 29
6 2
6 44
3 27
8 9
1 2
7 99
8 36
2 89
9 78
8 100
3 6
4 10
3 5
3 28
3 23
5 9
6 29
1 90
5 92
1 9
9 33
7 37
3 90
1 11
9 15
10 52
4 22
4 37
7 69
4 49
8 14
9 8
2 50
3 28
7 50
10 34
3 35
3 39
2 29
1 46
10 80
4 100
9 11
10 48
2 91
10 57
4 73
2 90
10 0
8 69
6 65
5 76
4 13
9 41
6 40
9 98
5 56
2 13
5 40
6 83
6 33
10 82
2 44
3 5
6 2
9 56
5 78
8 10
9 70
4 24
3 51
5 58
4 83
8 34
2 16
6 43
5 53
8 95
8 82
8 41
4 7
4 30
9 29
7 32
3 88
6 12
10 26
7 23
10 99
1 39
9 41
7 26
9 17
8 39
6 54
5 79
3 77
7 19
9 24
10 68
4 48
7 46
10 25
10 63
5 31
7 31
10 73
7 21
7 49
1 23
10 50
4 11
2 4
4 95
8 86
5 70
9 50
8 83
5 10
6 52
3 95
4 49
9 16
1 54
10 95
8 29
6 17
9 8
1 19
7 31
4 97
5 46
9 95
5 68
4 93
2 30
6 66
5 20
3 56
2 94
4 55
2 12
4 47
4 0
4 54
6 84
3 79
9 73
3 32
1 71
2 17
6 57
1 47
2 61
8 62
6 100
6 60
10 71
1 70
5 23
10 27
8 43
4 18
2 88
1 34
5 40
2 78
4 12
6 35
8 40
3 54
2 73
4 16
5 19
7 19
1 70
6 93
3 56
4 83
7 78
4 17
1 39
8 63
3 93
1 44
7 93
4 5
6 34
3 40
7 64
8 66
3 73
7 12
8 30
9 61
4 93
9 78
1 96
3 48
3 51
8 6
3 1
9 71
6 40
6 62
6 59
4 41
2 79
9 10
6 49
8 8
6 0
3 96
4 95
8 86
4 30
5 89
4 56
3 90
8 20
10 24
7 88
2 53
1 25
1 6
4 63
9 71
7 95
8 33
7 56
6 34
5 59
9 23
3 28
7 66
4 80
9 40
3 59
6 69
6 58
5 31
6 86
4 98
8 99
9 28
6 32
4 67
10 62
6 86
10 54
4 60
4 40
3 77
6 97
3 24
5 55
7 64
3 14
7 77
7 70
7 84
3 23
6 34
4 12
8 71
1 70
7 69
3 27
6 68
7 36
7 52
9 41
3 63
9 21
2 55
6 30
4 43
3 54
9 9
4 100
1 84
1 73
4 16
9 38
2 6
4 71
9 72
4 79
7 54
8 51
10 38
8 58
4 20
10 19
10 43
10 8
5 49
2 94
7 0
3 50
8 61
4 45
7 16
6 60
5 11
5 25
7 47
7 24
2 96
2 33
4 57
7 45
10 20
2 5
6 1
6 75
4 11
10 81
1 36
4 77
8 22
5 81
8 39
3 4
10 9
10 15
7 75
2 15
4 20
1 50
8 2
2 34
9 37
2 7
1 19
5 68
8 77
8 74
8 76
9 32
5 51
4 15
7 64
6 92
10 50
10 43
5 36
8 10
4 62
10 22
3 24
2 28
8 79
2 34
5 56
9 72
9 70
4 5
6 58
8 51
5 57
7 88
9 22
5 79
4 3
8 53
7 70
1 16
3 37
8 33
2 86
1 49
2 62
8 84
9 2
8 62
8 59
4 53
1 34
2 95
6 15
5 39
2 5
8 83
3 89
6 87
8 96
10 100
3 30
7 68
10 56
1 33
4 92
2 4
9 49
5 47
9 3
3 95
1 3
9 46
7 86
5 72
3 54
5 81
3 72
5 32
9 39
4 54
1 26
8 28
1 45
2 39
7 19
10 69
1 34
8 80
5 25
6 57
2 89
7 8
9 13
8 96
3 72
8 84
2 59
7 7
6 1
2 94
2 46
2 40
10 100
7 21
10 61
2 68
8 94
7 20
7 72
6 64
5 30
8 1
9 37
8 58
10 43
6 82
2 34
3 54
2 76
6 29
8 57
4 26
7 40
8 50
2 86
8 87
4 61
3 55
9 91
8 96
3 81
2 80
9 34
4 44
4 73
7 31
9 28
9 91
4 49
6 53
7 92
10 53
5 42
8 42
5 2
1 66
7 59
2 65
10 56
1 18
9 22
8 72
1 69
8 2
6 40
5 45
3 6
5 46
8 45
2 65
6 100
1 51
9 27
9 11
4 70
6 5
10 17
7 75
7 62
10 100
7 91
8 52
1 34
5 58
1 64
7 14
9 36
6 2
6 80
2 35
9 44
10 30
9 74
7 52
6 40
6 77
1 47
3 35
10 60
8 10
5 94
2 2
9 79
4 11
4 0
1 48
3 83
8 22
3 85
1 52
2 4
3 58
7 35
5 84
3 24
3 94
8 23
1 49
10 88
10 59
5 58
8 4
1 66
8 81
1 5
5 80
2 75
8 79
6 59
4 95
3 81
1 51
10 66
10 15
6 86
6 57
4 20
4 98
8 94
3 68
6 18
5 63
1 68
8 30
6 44
1 85
5 2
7 5
3 24
10 32
9 86
1 49
6 64
7 88
4 46
7 28
8 77
2 59
2 8
9 17
3 48
2 3
4 3
5 45
1 52
9 59
8 4
1 76
5 24
9 73
3 93
3 23
9 12
6 62
7 93
9 12
10 79
6 67
1 7
1 81
2 16
2 47
3 55
9 89
2 65
8 13
1 24
5 96
3 29
4 60
4 60
7 52
4 2
4 25
9 40
6 10
9 76
4 67
4 50
8 31
5 19
8 88
9 14
5 5
3 38
10 60
5 40
4 73
5 72
9 3
1 92
7 85
2 8
1 22
4 53
6 62
10 93
5 49
5 20
10 2
8 28
7 10
4 61
4 29
4 21
3 47
7 89
3 53
3 57
5 92
10 5
4 95
10 13
3 66
10 73
6 75
7 11
9 88
3 28
3 21
1 87
8 39
8 18
9 25
4 0
7 77
5 21
5 96
8 64
10 32
6 52
3 31
3 35
6 33
1 74
1 79
3 73
8 33
9 97
4 98
8 83
4 47
1 17
2 91
6 73
5 30
8 42
4 29
2 12
6 24
6 71
8 52
1 8
3 68
6 1
2 18
1 53
4 0
10 95
7 15
7 53
1 3
10 70
2 22
2 16
7 3
3 80
4 75
1 63
7 46
3 78
8 37
8 52
5 30
5 16
9 37
10 57
5 58
3 6
3 4
1 66
1 75
5 76
1 82
7 1
1 91
8 79
1 27
7 83
4 17
6 16
2 91
10 74
6 98
4 3
1 67
10 25
8 26
6 36
7 79
5 79
5 84
6 6
4 5
3 92
9 58
3 81
3 98
10 86
1 4
9 84
9 64
2 63
6 64
8 38
4 86
9 53
2 94
9 28
5 66
5 42
8 93
1 88
7 94
1 37
7 49
5 25
7 84
3 66
7 49
9 35
9 5
9 55
7 57
5 8
1 19
3 36
2 37
3 23
10 26
9 25
10 77
4 18
7 38
5 23
9 31
2 68
10 78
6 33
3 85
8 81
1 64
6 80
7 9
10 2
5 12
3 94
7 42
10 66
3 51
7 36
4 69
2 44
1 71
2 35
3 44
5 28
4 36
10 87
9 90
9 5
2 81
1 37
2 57
6 91
4 58
5 92
8 34
4 85
1 47
5 23
7 61
7 82
9 44
5 35
3 52
1 37
10 60
3 70
7 35
4 42
10 1
10 78
4 78
7 93
4 68
10 74
8 67
10 56
9 89
7 86
9 99
3 5
6 30
1 21
2 90
5 97
1 26
2 26
1 83
1 70
9 23
4 26
9 83
10 21
8 95
9 41
8 47
4 27
5 75
10 22
2 17
2 80
5 82
10 65
5 42
2 5
7 49
7 94
8 0
9 29
3 32
3 28
10 1
8 85
7 69
2 78
10 10
6 16
6 90
7 92
8 12
3 0
4 16
4 1
6 42
10 62
7 22
4 36
5 89
7 99
4 89
5 18
3 0
1 53
2 9
10 100
5 69
1 46
3 21
8 28
9 5
10 40
10 55
8 49
5 90
8 96
9 9
7 55
7 100
4 91
9 15
2 14
3 68
9 13
2 26
1 22
7 2
3 94
3 31
3 89
7 96
2 95
9 84
2 11
5 75
4 10
6 63
5 82
6 4
8 26
1 1
1 72
8 91
3 88
10 76
2 43
5 16
8 4
2 3
4 89
5 36
2 79
8 8
3 92
3 47
9 70
9 78
3 24
5 95
9 9
1 90
4 28
3 100
7 84
1 21
9 86
4 66
3 94
5 41
5 59
5 2
1 6
8 47
7 54
9 88
3 35
9 65
2 13
3 0
8 23
9 57
4 100
8 5
8 91
1 57
6 94
10 57
4 99
9 66
10 67
6 45
1 73
3 97
3 23
8 86
10 72
1 27
7 20
9 11
10 77
9 45
4 24
8 74
4 1
8 94
8 91
9 13
5 35
2 12
4 6
10 79
5 93
7 27
8 77
2 53
6 6
3 21
1 95
4 54
8 59
3 99
2 43
4 88
7 100
3 12
4 11
4 56
1 21
4 94
7 78
6 68
9 33
10 27
3 75
7 69
10 63
10 86
10 71
6 78
7 41
2 35
6 21
5 16
4 72
3 17
2 2
1 59
6 94
4 61
6 34
6 22
4 49
7 67
2 58
8 25
3 53
6 66
1 93
2 8
10 61
5 16
5 3
5 100
10 43
10 92
9 52
8 71
5 8
8 5
4 100
4 71
5 31
3 54
8 11
4 23
9 21
7 96
6 72
4 45
6 67
1 89
8 55
7 12
3 71
10 31
6 21
7 46
4 26
4 7
7 25
6 94
3 44
4 84
5 61
3 47
5 51
10 8
4 11
7 20
4 84
1 17
4 73
6 100
2 74
5 52
10 73
9 27
9 83
6 99
9 41
10 90
1 57
3 54
10 83
4 13
10 96
10 20
1 14
9 80
9 14
2 16
1 26
8 63
1 0
8 79
3 21
10 68
5 44
7 21
5 60
7 23
1 8
5 77
2 87
3 7
6 35
9 34
2 59
10 40
7 95
9 15
2 1
4 40
7 23
8 100
8 19
8 1
2 52
2 21
1 56
7 74
5 51
6 75
7 96
9 69
9 90
2 0
2 7
7 64
5 30
8 53
4 79
2 82
1 69
7 85
5 30
5 42
7 0
2 83
6 68
10 93
1 63
9 93
6 50
5 45
5 30
1 7
4 81
8 24
4 73
3 87
2 78
1 83
9 14
9 65
9 93
3 33
4 28
9 21
9 20
10 67
8 78
8 32
5 84
3 45
5 98
9 8
2 84
1 88
6 27
7 39
3 12
7 36
2 68
9 19
10 26
10 44
9 95
10 59
5 44
8 43
3 22
1 22
7 84
7 7
10 11
2 47
6 23
1 93
1 84
1 37
6 46
5 4
1 16
5 66
10 60
10 84
5 50
2 64
7 7
8 38
1 39
5 21
9 30
4 0
6 87
4 54
8 93
6 25
10 38
4 42
8 28
4 31
6 7
9 26
2 18
3 87
3 43
10 38
1 62
7 54
1 45
4 14
1 80
9 11
4 50
3 48
4 76
10 67
7 22
7 76
5 48
5 25
9 30
6 35
10 95
9 68
6 19
2 6
9 75
3 48
3 52
2 6
2 91
6 8
6 44
7 50
3 5
2 13
5 18
10 33
10 99
1 0
6 22
3 16
4 8
4 80
1 15
7 8
9 80
6 57
3 96
7 38
4 81
6 13
6 60
2 6
8 5
3 31
7 83
1 95
6 67
5 51
2 83
7 64
3 20
5 93
8 30
2 45
4 7
7 0
1 17
1 31
2 42
6 48
6 52
1 7
2 94
4 80
2 80
5 19
6 84
4 73
8 31
7 93
9 77
3 38
10 2
6 31
8 55
4 81
9 30
3 23
10 23
3 25
5 66
5 64
2 94
3 25
3 54
9 59
2 28
6 17
9 91
9 4
7 99
3 52
2 26
2 63
1 56
9 66
10 74
8 54
2 63
10 55
6 3
5 97
4 62
10 79
7 81
6 49
2 49
2 29
7 15
7 35
10 18
6 52
8 46
4 14
3 42
1 99
3 68
4 13
10 60
2 55
7 31
6 37
1 5
10 31
6 35
1 57
6 53
8 16
5 47
7 17
10 45
10 6
9 92
3 39
9 50
7 6
6 97
9 41
7 4
5 25
9 12
4 60
1 22
5 36
3 33
4 3
7 40
2 40
8 17
2 49
9 44
10 79
10 32
8 23
5 28
6 30
8 94
8 45
7 85
7 74
10 78
1 37
9 74
7 9
1 10
7 77
4 91
6 0
10 17
8 38
5 52
7 51
3 79
9 21
2 5
1 51
1 10
6 13
3 12
3 31
3 49
6 99
8 44
8 73
7 84
1 8
7 72
8 33
6 12
1 18
8 55
8 69
8 95
3 100
10 28
1 87
6 91
3 2
8 46
2 72
1 19
2 5
4 60
5 91
3 70
5 12
9 73
6 51
2 88
10 93
7 19
6 68
4 69
7 6
1 62
9 46
2 50
9 75
7 2
9 18
5 22
9 67
9 40
7 67
6 56
1 31
3 39
8 89
7 78
8 95
7 38
10 16
10 41
5 20
9 86
4 78
10 98
5 28
2 53
10 60
9 44
8 84
7 98
10 43
7 65
10 24
2 13
7 15
8 3
6 2
1 74
7 59
9 83
6 10
2 58
7 90
10 76
2 70
5 81
1 87
6 29
7 20
3 42
10 43
9 35
8 31
8 76
8 93
1 99
4 71
10 49
1 6
6 89
7 81
9 20
3 82
1 10
6 40
1 20
2 79
1 84
2 20
5 46
5 65
8 54
3 20
5 44
3 86
2 53
2 48
4 81
5 82
3 50
4 65
6 92
1 72
2 23
8 90
6 74
3 79
6 31
6 31
6 78
7 30
10 52
3 1
7 58
6 99
9 49
5 68
6 56
7 69
2 35
9 48
10 60
6 54
3 48
9 24
7 57
6 18
4 79
4 0
3 13
6 16
6 21
10 70
3 86
8 46
7 34
5 82
9 5
6 52
9 3
9 30
8 76
9 91
8 69
1 60
1 53
1 60
1 23
9 84
4 31
9 76
5 83
1 58
6 27
3 100
3 91
9 7
10 6
9 19
3 82
3 67
1 75
4 80
1 91
1 15
3 14
2 5
4 49
10 30
10 99
8 8
3 43
4 15
6 51
8 63
3 0
2 76
5 34
2 47
10 6
3 5
4 71
3 0
8 54
1 92
3 57
8 81
9 1
5 55
7 56
2 46
1 2
4 95
3 42
6 79
5 55
8 60
4 8
1 91
4 30
6 80
3 84
5 59
5 27
5 78
3 48
2 34
2 50
10 91
3 65
9 78
7 93
4 18
1 62
10 80
2 34
2 63
9 4
4 10
4 43
7 1
5 98
1 35
9 27
8 33
6 51
9 21
4 1
7 0
1 98
7 70
6 0
3 7
2 26
2 21
8 81
8 65
2 3
3 84
6 40
1 23
10 99
5 2
5 81
7 63
7 68
2 52
10 5
2 5
10 60
5 47
8 88
1 73
2 30
2 59
5 36
5 54
8 15
4 26
9 7
2 77
3 92
6 54
9 96
8 79
4 87
4 9
10 60
2 83
4 29
7 26
9 69
3 92
8 20
5 40
7 77
6 39
7 45
2 7
7 3
7 7
3 35
5 4
4 34
5 6
9 7
9 19
5 0
7 88
8 85
1 62
3 81
5 62
7 50
6 56
10 89
4 41
4 22
7 57
5 89
8 60
1 32
9 23
1 12
9 40
2 5
9 21
6 13
10 96
3 42
8 54
7 51
9 66
9 88
5 24
8 9
3 33
6 55
5 50
1 83
6 30
4 93
8 52
3 85
5 18
2 7
6 46
8 8
3 15
2 60
2 79
3 13
10 5
2 37
6 74
7 19
1 13
10 93
3 85
7 75
3 71
4 71
6 22
9 62
1 6
9 13
10 27
7 21
5 3
1 44
8 4
1 14
3 77
7 85
8 71
6 70
6 100
3 63
1 58
4 67
7 98
5 45
2 81
1 76
9 69
3 56
10 93
2 61
9 23
5 77
6 25
10 91
10 95
8 34
6 13
9 92
9 41
4 13
6 8
8 57
5 59
3 27
2 72
5 73
1 78
9 93
7 15
5 100
6 77
10 96
9 39
4 2
1 85
4 61
2 12
3 23
9 31
2 43
9 2
10 1
4 27
10 10
10 22
2 9
4 44
4 51
5 45
5 47
2 29
3 53
4 46
8 15
1 32
3 1
2 33
8 55
5 60
9 74
1 83
3 48
10 69
7 33
4 64
10 27
5 17
8 46
4 49
4 1
10 53
1 21
9 49
2 78
4 28
9 59
8 34
2 53
6 72
3 77
1 30
1 17
7 39
6 93
5 52
3 72
7 94
2 39
1 0
8 53
10 33
1 46
5 5
7 63
6 83
10 32
2 53
3 54
1 51
8 20
8 43
1 48
2 46
8 52
1 63
9 40
5 49
2 68
8 67
9 16
2 70
5 51
4 23
7 43
4 23
2 93
3 95
4 92
5 49
6 21
7 58
10 64
7 56
10 83
10 99
1 50
7 9
6 93
2 96
6 63
8 71
10 24
4 70
3 7
9 19
8 27
2 69
7 66
4 3
10 81
10 84
1 5
8 5
4 10
2 18
8 79
10 48
1 95
6 35
8 8
7 65
5 75
3 3
1 47
7 72
5 100
5 15
3 54
4 78
6 1
10 25
6 12
6 55
2 19
6 19
1 60
8 79
1 41
7 80
7 71
7 57
7 82
1 47
4 18
5 76
5 29
6 70
7 52
3 18
5 1
1 71
2 17
10 45
7 85
6 93
8 90
7 46
3 51
4 48
3 20
3 51
2 51
8 27
5 54
3 99
2 13
3 50
1 22
2 46
10 31
2 5
1 61
10 77
8 75
5 22
4 89
10 2
4 65
8 60
8 94
3 99
7 14
5 100
8 2
10 92
5 77
4 69
6 44
3 43
1 59
3 54
2 22
7 3
9 100
1 6
8 22
3 4
3 31
1 53
5 19
2 51
1 42
6 70
6 65
8 87
9 29
6 100
5 39
3 94
7 33
10 44
10 38
3 11
7 78
3 100
5 48
4 4
6 88
8 55
6 64
5 55
9 6
8 4
4 94
10 67
5 38
6 71
9 64
10 28
6 27
4 35
5 65
5 31
2 11
3 39
10 71
6 87
10 39
1 27
1 68
5 84
2 49
5 37
1 99
1 9
4 52
2 42
1 98
6 10
4 43
7 5
7 51
6 40
3 30
8 45
5 66
10 95
4 52
9 30
8 87
9 38
8 39
8 48
8 98
8 64
7 76
2 86
4 94
9 35
3 82
7 83
6 22
2 3
2 15
7 41
8 4
1 87
7 3
7 38
3 49
9 35
3 57
1 44
1 12
10 24
2 13
5 4
2 58
8 15
2 81
10 22
1 75
8 3
3 12
4 17
1 99
6 62
8 22
3 35
10 87
3 68
10 40
9 72
2 92
4 3
1 94
10 27
10 65
6 73
9 86
3 82
3 90
2 82
10 8
5 6
4 94
5 47
9 55
6 62
1 61
4 74
7 80
3 49
3 92
6 57
4 66
7 11
10 28
6 1
3 13
3 68
2 71
1 37
7 90
6 21
6 68
2 4
8 64
9 42
2 85
4 13
4 21
5 4
1 24
2 50
2 77
2 73
9 25
4 67
8 40
5 19
7 16
1 21
4 5
9 36
9 65
9 81
5 25
4 89
7 56
3 20
9 25
1 64
9 0
10 87
9 54
1 50
5 31
3 19
2 53
8 45
6 46
9 70
10 92
1 54
6 64
6 61
2 42
4 38
5 60
3 71
4 77
9 67
1 78
3 16
10 2
8 89
8 100
4 99
10 21
5 50
6 66
8 38
3 33
1 92
2 24
6 72
2 19
7 41
4 48
1 10
5 46
2 9
6 32
8 25
9 23
4 34
5 18
5 71
1 3
4 15
9 39
6 9
5 11
10 83
1 63
9 43
1 44
8 25
1 67
6 91
5 54
7 18
10 3
5 55
8 56
3 43
10 7
6 39
2 6
10 76
5 76
8 96
7 13
2 54
1 91
5 65
5 94
7 17
5 37
1 19
10 18
3 25
10 44
1 93
5 76
2 88
5 66
2 56
6 95
1 36
5 69
9 89
10 57
7 52
6 7
4 5
7 72
8 83
5 56
10 64
6 1
10 96
8 0
1 33
8 40
8 16
10 31
4 18
6 44
2 12
8 30
10 44
8 86
7 34
5 37
10 78
9 18
2 48
7 95
1 46
4 17
7 0
9 85
6 19
10 46
5 34
10 72
10 46
1 50
2 19
3 46
7 7
8 90
5 5
8 45
3 60
1 30
9 56
1 95
5 71
9 32
6 19
2 8
4 60
3 96
1 80
10 45
1 40
6 39
1 84
7 4
5 94
1 14
2 84
1 12
8 98
8 20
7 26
4 89
9 45
2 38
1 11
2 56
4 48
6 94
4 48
2 16
7 89
4 60
1 6
4 67
3 9
8 26
3 10
4 12
9 7
6 38
7 47
7 43
1 15
1 72
9 48
4 22
4 85
3 27
3 63
4 61
6 2
9 97
9 48
6 49
10 28
6 22
3 3
3 63
3 35
1 55
7 44
8 88
10 4
9 14
4 7
5 84
2 10
3 46
3 97
7 71
7 78
1 17
1 84
5 36
3 47
4 93
3 71
1 69
4 22
9 63
10 100
9 63
8 86
6 70
7 20
6 45
10 95
5 45
8 35
6 38
3 65
1 34
2 37
6 75
5 65
1 60
9 65
5 65
10 81
5 99
7 61
1 81
7 79
9 3
3 7
8 64
10 39
1 46
10 56
9 61
6 89
2 85
9 82
5 61
9 26
7 10
7 55
10 27
5 12
9 77
2 42
3 74
6 28
7 79
6 85
2 95
10 83
5 40
6 51
1 52
7 74
3 3
10 52
4 60
6 63
2 99
8 71
4 8
4 94
8 61
3 76
8 78
4 18
9 10
7 84
6 94
6 97
6 45
8 61
7 5
9 11
7 5
8 73
4 74
9 84
7 51
1 77
6 5
8 31
4 68
2 14
4 93
6 73
5 38
9 91
3 92
1 2
6 3
1 10
3 82
5 27
1 81
4 97
3 20
6 88
9 45
7 37
6 40
8 8
4 39
8 16
4 90
6 81
3 84
6 2
3 96
9 16
4 34
2 89
8 2
1 37
1 69
5 52
7 75
1 41
9 52
9 23
4 37
7 61
3 59
5 70
4 8
10 79
2 39
2 77
7 2
10 51
8 99
1 77
6 48
1 71
4 92
8 92
2 69
3 92
8 57
4 79
1 26
6 14
4 9
5 53
8 76
3 22
3 47
8 85
6 51
10 33
10 79
9 70
10 33
6 61
9 93
4 98
4 70
9 25
7 75
6 13
5 57
7 85
3 76
3 0
2 57
4 27
4 88
10 51
4 27
5 26
4 21
5 80
9 18
2 84
5 66
8 58
1 49
8 82
10 82
10 17
5 95
6 6
1 15
6 65
6 8
7 93
2 1
7 73
2 49
2 40
3 10
5 100
6 6
4 18
4 86
5 77
3 41
6 89
1 100
4 35
6 61
2 85
2 32
6 41
7 82
1 97
4 81
8 52
5 88
4 47
4 87
8 79
1 51
4 85
5 85
7 2
1 49
10 61
1 95
7 27
1 34
6 7
9 88
1 20
5 52
10 49
7 56
2 3
5 91
5 0
7 41
1 39
6 26
10 0
7 34
10 68
10 98
6 25
5 9
4 21
3 91
3 12
3 62
3 43
3 64
7 52
3 63
2 71
5 23
8 35
7 58
9 16
3 11
2 73
1 44
5 64
7 16
1 77
3 36
4 76
1 91
9 42
4 12
4 34
6 94
4 32
5 40
5 85
7 6
3 80
6 90
3 49
10 49
7 30
8 53
3 56
8 89
1 65
3 11
9 6
9 0
2 16
10 22
5 92
6 48
8 53
5 21
5 11
7 41
8 0
3 20
6 42
10 87
9 37
8 86
10 54
10 9
9 26
3 71
1 87
1 99
6 97
8 65
6 91
10 88
2 83
10 0
4 31
8 23
7 73
2 77
4 1
10 50
1 18
9 34
6 15
7 33
5 91
10 2
6 57
1 95
4 83
10 32
8 96
3 59
3 83
5 23
2 12
7 51
1 62
2 61
7 11
2 29
2 80
10 80
7 23
3 79
5 25
6 33
1 17
2 66
9 96
3 19
8 5
1 60
2 92
10 0
3 26
6 47
6 44
6 54
1 62
5 85
7 73
8 61
8 39
2 11
8 53
3 10
7 30
3 35
4 13
8 100
4 40
7 2
5 80
5 63
5 31
8 24
6 60
9 2
7 28
5 21
9 22
2 3
8 54
10 76
2 56
6 83
7 72
10 10
6 48
1 99
5 16
4 4
8 30
5 57
6 16
6 54
6 73
5 43
3 98
8 83
10 87
3 59
8 97
8 46
3 1
2 3
2 100
5 30
3 84
8 78
1 94
6 92
3 76
7 19
10 56
8 20
6 30
1 30
6 26
5 35
2 56
1 99
9 51
6 18
2 57
8 91
5 83
7 67
3 19
2 12
9 42
4 36
5 90
6 13
9 85
6 42
1 28
1 68
2 63
9 76
10 69
6 5
9 35
9 46
6 34
7 62
7 16
10 23
4 80
2 72
9 57
7 17
4 22
6 57
3 71
9 93
1 43
8 99
2 99
10 98
5 91
7 88
4 75
5 52
4 33
2 88
2 97
4 38
9 21
8 83
1 51
3 11
1 76
7 99
1 100
7 60
4 70
6 43
1 35
1 33
9 26
5 2
4 10
1 57
2 81
1 78
6 73
2 23
9 29
4 15
8 43
10 24
1 32
1 17
10 2
5 7
5 2
6 69
7 84
1 45
1 29
10 71
7 4
6 84
1 30
7 78
7 45
4 96
8 27
6 15
4 53
1 1
4 83
1 12
10 62
9 81
5 14
8 91
3 64
9 18
5 65
2 58
8 35
6 45
2 91
1 63
5 53
6 15
1 19
8 28
5 0
4 95
4 78
1 99
8 1
4 75
1 39
5 77
1 23
5 0
4 33
5 57
10 90
2 99
2 5
7 77
9 84
10 54
2 16
9 17
6 37
3 1
1 89
1 16
5 78
6 6
9 40
8 87
2 39
2 98
9 34
8 89
9 6
7 15
7 70
10 39
10 64
6 33
2 84
4 16
5 89
5 48
5 7
6 87
7 78
8 5
5 32
6 69
10 72
5 71
7 49
5 53
3 84
5 54
1 9
6 86
5 47
8 33
4 41
5 51
2 54
2 88
4 78
7 5
7 60
6 74
7 56
4 14
3 32
10 80
9 94
5 60
9 67
9 38
1 74
2 80
1 33
4 77
7 41
7 22
5 9
9 39
9 6
8 55
10 70
8 100
9 81
6 48
6 55
4 16
3 61
7 67
10 3
5 74
1 52
10 17
2 26
2 49
3 56
7 84
1 26
6 64
9 16
3 81
7 15
5 80
3 3
3 21
4 1
8 14
3 8
8 35
9 1
10 86
1 58
10 99
3 27
8 45
8 86
7 3
8 79
8 79
2 3
3 24
4 89
4 67
7 92
7 11
5 4
5 88
10 48
7 99
5 18
10 65
8 39
10 24
10 1
8 74
9 97
10 100
1 40
10 84
2 69
8 34
1 96
3 42
7 92
1 88
3 47
2 49
9 49
5 58
3 81
7 87
10 9
5 26
3 22
4 8
3 83
1 13
10 70
3 69
3 75
1 2
6 67
7 51
3 64
7 82
6 43
1 26
8 30
3 15
8 92
10 69
9 13
7 69
10 39
4 46
8 54
2 82
1 59
8 39
1 33
1 38
7 3
4 61
2 25
4 78
6 20
8 62
8 88
2 22
5 50
9 89
2 89
2 7
10 9
5 54
2 13
5 99
10 89
6 44
9 90
6 13
10 93
3 54
9 7
7 11
8 30
5 25
4 42
6 25
10 39
7 46
4 19
1 32
5 12
7 74
10 59
2 34
5 47
8 28
4 63
3 36
6 88
10 55
6 56
5 81
9 32
2 78
5 46
1 83
8 9
9 47
10 57
8 66
6 87
2 65
9 52
4 10
1 17
7 22
8 93
8 56
6 100
3 9
3 10
4 61
7 62
4 78
10 61
3 12
9 27
7 15
7 9
4 36
4 18
5 72
1 55
8 56
10 20
10 8
2 12
10 29
1 10
4 35
5 100
5 19
6 91
1 20
6 16
4 94
3 58
1 42
7 33
6 63
10 10
9 26
9 100
2 36
4 87
8 23
7 38
10 0
7 79
8 72
4 6
10 61
4 15
3 100
2 79
8 86
10 69
4 8
8 62
8 82
6 4
1 49
10 93
8 26
2 36
6 72
3 24
8 51
8 33
4 34
3 25
6 72
4 0
6 25
7 35
6 96
2 49
5 11
1 33
9 40
2 84
2 81
9 6
8 78
8 4
7 35
4 43
1 47
10 30
9 4
3 71
6 3
9 55
2 92
1 83
4 31
5 98
5 46
9 70
9 6
7 11
9 76
9 53
3 83
5 13
4 54
1 78
10 14
6 0
1 81
7 83
3 59
8 36
5 78
10 34
7 44
4 39
1 10
9 43
8 89
4 80
10 86
5 82
1 28
2 13
6 5
7 25
3 67
1 30
4 3
6 58
5 77
1 56
4 41
5 21
8 51
6 55
4 54
7 11
9 16
4 18
7 83
8 96
1 96
4 76
4 55
10 32
5 91
10 78
10 85
9 46
9 72
9 39
5 29
7 70
7 59
1 94
5 25
8 76
9 19
3 43
5 13
2 74
7 79
9 6
7 60
10 0
1 93
4 14
5 13
9 4
9 25
5 93
7 36
8 88
3 48
8 43
9 66
7 28
5 69
9 50
4 34
1 31
9 80
4 13
9 85
5 57
8 12
2 49
6 29
8 72
5 46
1 30
2 39
2 30
1 1
9 10
2 94
1 76
7 20
1 41
4 62
8 45
1 10
6 76
4 58
9 97
8 84
1 94
5 17
9 86
8 28
9 31
5 53
1 65
9 74
9 25
6 3
1 55
10 47
4 70
8 19
4 93
3 89
8 88
9 39
5 89
10 27
4 95
1 83
10 54
8 63
8 85
1 49
3 39
6 83
3 84
3 81
6 91
2 38
9 78
10 80
1 49
6 71
4 52
9 30
6 9
1 80
7 45
7 68
6 19
1 48
3 10
6 23
10 88
7 46
5 37
2 15
9 61
9 67
10 39
7 14
1 80
2 67
2 37
3 58
9 3
8 72
5 9
9 17
2 79
9 13
9 92
3 74
10 4
2 72
4 4
8 57
5 60
10 85
6 11
9 53
6 99
1 5
1 64
5 36
5 77
10 38
6 40
3 90
3 58
9 71
3 18
4 86
4 93
6 87
1 33
9 10
1 69
3 47
10 24
5 14
3 89
5 97
8 80
4 33
5 49
6 52
5 12
6 23
7 19
8 39
2 64
10 12
4 13
5 16
4 22
10 10
8 27
9 23
7 69
6 52
6 39
8 70
2 31
1 54
5 76
8 14
4 85
2 40
10 39
1 68
6 54
10 50
4 18
4 58
4 25
6 36
2 78
9 28
4 76
5 37
6 51
3 31
3 78
6 0
2 28
9 47
2 65
4 25
2 77
4 46
6 84
1 67
7 7
3 55
10 77
3 70
8 21
1 86
2 3
3 77
6 61
9 72
10 26
9 38
6 17
10 70
5 17
4 54
3 40
3 17
10 54
5 2
3 93
4 51
10 97
2 9
3 69
7 90
2 25
1 90
9 85
3 83
4 42
3 49
10 13
3 39
6 67
1 56
7 96
10 18
9 7
6 93
4 66
7 90
4 76
8 58
10 99
9 9
4 40
10 79
5 72
5 31
7 87
5 36
6 75
7 92
5 73
1 47
10 17
3 78
10 3
10 67
4 54
5 14
3 71
8 12
7 24
8 62
9 5
1 9
3 54
5 20
10 58
6 81
2 26
4 94
8 28
5 68
1 59
8 53
2 91
7 31
4 11
7 26
1 5
3 23
9 25
7 32
9 81
4 66
6 38
8 88
5 82
5 66
3 48
3 2
5 23
9 57
8 35
6 86
8 94
8 50
1 34
2 61
3 23
5 55
1 81
2 77
2 37
8 70
10 36
1 62
1 6
10 47
7 2
10 16
10 41
9 48
7 65
3 20
2 11
1 1
10 39
1 77
9 3
10 32
2 73
7 47
2 27
2 82
4 54
2 9
8 58
7 14
2 100
6 8
2 97
7 23
7 16
4 80
2 50
9 48
5 42
9 11
4 10
1 25
1 12
6 20
7 34
1 61
8 98
10 13
9 58
1 29
7 19
6 16
3 53
2 95
2 68
10 9
7 44
4 54
10 77
3 47
1 48
3 56
4 12
3 22
6 89
7 91
3 39
8 10
1 67
4 65
5 68
10 18
3 98
4 26
3 21
9 83
8 59
6 68
9 78
10 96
2 78
3 13
1 57
7 93
6 0
7 30
5 6
3 60
3 7
4 78
5 44
1 87
2 26
6 82
5 36
1 97
7 59
3 25
2 48
3 21
8 30
9 39
4 12
4 61
4 85
1 70
5 93
3 81
7 56
8 80
7 62
10 77
10 44
8 78
7 86
8 54
5 39
8 28
3 5
7 66
6 84
4 37
9 43
9 14
5 48
3 40
7 28
6 52
4 56
9 16
4 4
5 36
8 13
6 43
3 29
2 10
2 68
9 42
10 52
9 48
6 100
8 13
4 76
7 34
9 83
5 11
10 92
9 26
7 56
9 59
5 64
1 59
2 69
2 15
1 87
9 24
8 16
6 61
5 51
7 55
9 86
1 17
6 87
6 14
1 87
9 76
2 52
7 10
2 48
6 13
3 65
9 48
2 75
3 12
1 1
10 4
5 17
2 42
10 40
10 6
7 61
5 69
3 54
9 40
5 99
1 89
7 47
1 36
2 63
3 72
9 42
8 35
8 5
10 43
6 88
10 68
7 5
6 45
7 23
4 32
10 6
3 44
5 22
9 93
4 77
7 25
6 37
3 83
6 75
3 15
8 8
4 27
3 70
4 70
4 47
3 79
9 25
5 13
8 63
10 68
1 85
2 91
8 75
1 41
5 30
6 63
6 34
6 93
8 2
10 89
6 96
2 30
6 51
2 48
1 17
3 58
4 29
9 82
6 51
10 86
4 6
7 42
9 13
1 14
3 100
4 98
3 56
8 60
8 46
3 87
7 73
10 29
3 91
2 98
6 25
6 71
6 75
5 75
9 33
2 9
3 85
10 73
9 49
10 98
10 30
4 63
3 45
3 14
1 69
6 81
10 70
2 96
10 66
10 45
3 25
10 61
8 96
3 45
5 19
8 59
6 72
6 46
7 18
5 87
7 42
10 52
8 43
10 65
8 58
8 26
4 16
2 82
1 21
8 25
5 70
10 18
9 55
9 56
2 16
1 85
3 69
10 82
10 56
8 91
7 34
4 1
9 18
4 29
4 50
1 56
2 75
1 23
4 99
2 23
9 57
3 55
7 68
4 41
3 15
5 24
6 52
10 31
4 11
1 5
6 77
8 27
5 94
5 89
3 86
9 79
2 35
3 67
5 62
6 5
3 91
2 56
1 42
2 99
3 21
5 39
8 92
4 16
3 34
6 54
4 84
5 20
9 53
5 4
2 79
2 40
4 58
5 73
4 1
7 51
2 41
9 52
7 17
8 99
6 84
8 44
9 41
5 34
4 99
2 56
3 7
6 53
4 79
2 57
1 81
7 29
10 93
3 76
9 73
7 94
1 30
2 29
1 79
8 90
6 64
6 27
2 69
2 34
8 50
9 26
4 35
3 1
1 84
3 39
9 94
7 15
5 69
6 83
4 71
1 36
7 94
2 85
9 53
8 78
1 9
9 82
1 5
1 42
5 0
10 0
7 72
10 60
9 59
2 35
6 49
9 56
3 15
10 40
10 73
2 62
5 89
1 27
10 53
3 28
3 76
2 81
4 44
10 29
7 30
10 1
10 84
3 6
1 37
10 2
10 37
8 84
10 81
9 51
5 16
1 88
2 4
7 44
4 28
6 62
10 18
2 49
10 100
2 15
6 83
5 83
4 49
4 17
3 24
4 28
7 74
1 1
10 67
6 43
6 2
6 13
4 52
8 43
9 40
4 9
2 36
9 8
2 12
4 42
5 26
1 50
1 1
4 51
3 24
2 100
6 88
2 30
10 1
5 37
3 87
1 6
4 16
6 80
8 45
10 41
8 86
5 54
2 20
3 39
5 2
2 66
6 35
1 52
5 53
2 80
2 14
8 35
3 78
4 94
1 0
9 21
2 63
5 86
8 65
5 84
8 41
7 38
6 35
3 7
10 70
4 74
8 95
3 83
9 71
2 1
6 5
3 69
9 63
4 46
9 78
6 96
5 57
9 26
5 34
9 49
4 5
6 79
7 7
1 3
5 53
2 64
3 68
8 78
6 75
10 1
7 8
9 76
6 24
3 0
5 92
3 85
2 16
7 86
2 53
10 49
1 17
1 30
5 73
10 99
7 42
5 42
1 19
8 24
8 98
8 88
6 20
3 73
1 63
3 54
5 39
3 37
1 28
4 30
1 36
9 92
6 57
3 71
1 79
9 77
6 49
5 97
10 87
10 8
1 10
3 94
9 14
8 11
8 47
6 20
8 45
6 66
4 32
7 55
5 48
9 0
4 52
7 9
7 25
4 45
2 60
10 83
5 60
9 18
3 82
1 40
7 29
6 1
6 100
5 93
5 18
5 45
10 73
4 94
5 49
3 47
9 32
5 10
9 12
3 15
10 88
9 13
8 14
7 75
5 96
7 28
7 23
9 77
2 78
2 49
6 34
9 45
1 39
7 90
8 71
4 100
6 57
10 58
5 46
7 9
6 61
10 96
8 86
4 29
4 9
3 5
4 65
4 89
8 63
2 5
10 35
1 3
4 65
4 15
10 47
5 95
8 91
7 86
6 39
9 56
5 7
5 19
2 34
9 76
9 16
2 27
9 58
6 33
6 90
5 91
2 75
7 83
1 40
3 77
6 87
1 22
2 42
4 43
9 24
3 81
6 70
3 26
10 20
10 81
4 89
1 72
10 8
4 9
4 88
4 88
3 88
4 63
9 59
3 73
2 11
8 14
1 55
4 17
2 40
3 91
3 53
5 1
1 45
2 87
6 74
3 37
5 37
9 7
7 75
6 60
8 57
9 17
3 31
10 94
4 96
3 93
4 84
7 3
8 96
4 76
1 97
7 9
1 44
8 73
7 63
6 28
6 96
8 45
3 5
9 4
4 83
2 14
7 80
1 32
7 95
1 89
6 52
8 32
6 8
3 33
6 54
10 42
9 99
7 68
3 26
2 35
6 25
9 32
4 50
7 96
6 60
4 1
3 14
8 56
6 28
8 42
3 8
10 4
10 30
1 92
9 14
8 18
9 7
5 28
2 57
7 74
7 0
3 68
7 52
7 77
2 62
2 53
10 86
10 4
10 39
2 74
8 30
5 0
6 52
8 56
10 43
10 70
5 61
4 38
8 63
4 66
3 77
6 90
1 32
7 23
2 53
3 88
3 29
6 100
2 38
6 83
4 64
3 69
1 90
6 17
8 66
2 43
10 69
6 21
2 53
1 78
9 71
5 41
7 21
8 21
1 43
8 83
4 25
6 27
4 75
9 87
2 72
7 22
9 30
2 98
10 53
10 3
3 75
5 11
3 19
1 50
7 45
4 86
6 43
3 0
3 1
5 100
4 42
8 64
7 38
8 31
2 15
10 15
9 77
9 39
10 86
3 22
9 12
3 91
5 98
7 20
5 97
7 5
10 41
2 66
10 12
10 80
4 3
3 30
6 36
5 97
9 73
7 85
8 30
7 5
4 88
10 53
1 54
6 50
4 100
8 38
9 19
9 67
9 48
2 0
6 69
8 21
4 13
8 76
8 16
2 73
2 43
8 24
6 20
9 41
3 31
10 60
1 68
6 62
4 6
9 3
4 8
10 90
9 36
10 86
1 54
6 14
1 98
8 98
6 55
8 66
1 24
8 54
9 66
4 3
3 46
9 53
8 56
4 33
9 55
1 89
2 41
2 28
6 92
4 59
9 0
8 61
5 27
4 24
5 23
6 64
10 62
2 14
4 73
4 49
2 96
5 25
9 89
4 8
3 39
4 74
9 73
2 40
1 73
7 36
3 45
6 94
4 83
3 71
6 99
2 68
7 25
5 20
9 19
1 97
4 84
8 16
9 15
2 42
4 65
5 65
6 10
7 15
3 22
10 62
4 91
6 59
9 34
4 60
10 53
5 74
9 95
10 60
1 35
8 86
2 34
1 97
10 6
9 83
5 72
9 55
10 83
8 86
2 81
1 37
6 37
2 68
8 84
4 57
1 20
2 50
10 37
5 55
7 52
2 54
2 35
3 97
9 19
10 62
7 90
9 25
3 50
8 15
2 8
1 89
6 66
8 50
4 41
9 44
9 94
9 0
4 25
5 35
5 100
10 41
1 1
6 94
7 62
10 30
5 90
8 29
10 67
7 30
6 82
4 67
7 37
2 27
1 37
7 38
4 55
7 100
9 30
1 6
10 80
4 97
6 67
2 99
2 36
8 11
9 8
6 78
6 8
3 7
3 51
5 41
3 84
1 53
4 99
3 31
7 62
10 68
8 58
8 66
9 15
10 79
6 59
3 43
8 53
8 20
8 72
8 21
4 91
2 90
10 48
4 26
10 54
4 56
10 41
8 56
5 91
3 89
8 41
5 31
9 73
5 42
6 59
2 74
9 23
3 41
8 82
7 85
3 14
7 85
6 75
9 61
1 81
8 93
6 17
6 94
7 3
6 18
10 18
8 4
10 90
9 83
8 38
9 81
9 50
8 7
4 39
3 47
5 28
10 100
3 17
6 25
8 64
8 5
8 20
7 13
9 63
1 70
6 73
3 24
7 0
6 93
10 6
3 86
6 85
6 14
9 26
5 88
2 98
4 56
1 67
9 60
6 47
3 62
6 82
8 46
4 87
4 67
5 41
6 33
8 2
4 19
10 53
4 78
6 15
9 70
2 100
9 84
6 46
8 3
10 82
3 24
10 90
1 10
9 40
1 5
9 43
2 53
10 80
6 84
8 17
9 29
9 86
4 40
9 43
7 35
4 52
10 25
7 38
4 14
9 83
4 15
3 84
4 24
4 33
4 3
1 68
2 20
9 29
8 26
3 33
9 73
7 56
10 76
6 4
9 60
8 65
4 83
4 2
10 59
3 62
2 19
2 68
10 92
1 55
5 45
4 65
7 23
2 99
5 6
3 47
5 73
6 53
10 60
3 63
10 17
6 13
2 37
4 3
3 56
8 0
5 70
6 84
5 47
2 52
6 7
1 15
5 86
10 82
9 34
8 66
7 16
3 95
1 31
2 6
2 75
8 4
9 34
1 53
1 0
4 100
2 29
10 0
8 94
2 73
3 64
10 6
6 48
6 7
6 29
8 14
5 58
1 67
3 32
3 16
2 84
4 11
4 64
7 37
3 50
2 92
4 63
6 87
10 59
7 57
7 34
8 14
6 65
5 65
2 32
6 84
1 62
10 83
3 66
1 25
9 14
6 66
4 33
6 86
9 61
6 70
5 59
2 6
10 29
9 83
4 89
3 8
3 52
9 77
10 64
2 87
9 44
8 75
5 76
6 2
2 14
10 90
1 87
6 20
7 64
5 50
3 51
7 5
2 11
3 63
4 32
5 14
9 75
1 79
4 92
8 46
9 37
8 29
6 75
8 59
8 94
1 89
8 60
8 58
6 98
4 97
9 41
5 83
5 22
10 92
2 22
1 39
6 72
6 67
10 51
3 36
9 0
5 20
2 31
6 87
1 96
6 42
5 62
10 27
4 5
2 47
8 49
10 99
4 28
9 46
8 63
7 68
6 89
10 15
9 17
5 68
2 46
4 50
1 35
4 11
4 34
10 98
1 78
7 28
3 19
8 9
3 100
4 67
10 13
2 7
8 19
3 23
10 66
3 38
7 65
6 37
2 34
3 35
5 1
8 15
10 39
3 3
6 61
2 26
2 15
6 14
2 0
7 72
3 56
2 32
3 26
7 7
7 56
3 97
10 68
5 59
2 95
2 57
5 44
6 74
10 21
8 64
6 12
5 82
5 27
10 95
5 71
3 80
10 18
2 52
2 4
7 56
9 54
5 1
8 49
10 96
1 93
6 36
2 82
3 90
6 40
9 68
8 27
7 66
1 83
1 60
3 58
8 45
1 5
10 47
4 35
8 29
6 59
4 36
9 14
2 10
5 29
9 83
3 9
5 16
4 43
10 49
3 93
10 90
7 23
3 65
1 23
7 18
8 40
10 83
3 4
8 25
5 18
1 48
2 10
9 69
5 68
8 25
6 58
10 37
4 81
9 29
8 37
3 46
10 83
1 24
6 14
4 31
4 90
8 90
6 95
1 89
7 2
8 38
9 99
2 55
4 11
6 16
7 20
9 69
1 1
3 93
5 64
9 37
6 12
8 28
1 62
1 88
6 2
5 70
3 30
6 20
5 66
4 32
10 80
7 64
4 13
6 9
6 76
8 56
10 56
5 88
9 49
5 93
6 63
6 7
2 67
6 54
10 63
2 58
2 29
10 30
4 36
9 18
2 24
6 35
5 45
10 62
3 92
3 82
4 45
4 66
1 75
3 72
10 86
9 96
9 70
7 37
7 58
10 9
8 97
1 12
1 21
6 95
5 77
6 74
5 63
9 86
1 48
5 21
1 76
9 61
1 5
2 95
7 34
2 73
2 100
5 17
10 96
8 37
2 46
2 2
1 24
8 79
8 100
6 48
10 95
5 0
9 6
8 92
2 37
8 62
6 100
7 98
9 1
1 39
5 56
7 48
10 87
1 18
3 42
8 80
8 13
5 40
5 63
4 20
8 74
5 48
6 96
2 57
8 62
3 17
5 12
5 42
9 2
10 89
6 89
2 4
3 37
3 16
1 77
10 36
7 76
4 7
9 39
10 19
6 50
4 52
3 57
2 89
2 44
10 61
6 93
3 5
6 20
1 76
4 50
6 1
9 15
1 40
8 84
5 96
6 68
3 58
2 28
5 12
7 85
9 19
1 27
6 38
4 15
3 98
8 79
3 10
5 33
4 92
2 2
6 70
6 26
3 39
10 59
3 3
6 12
2 80
3 53
3 94
2 27
10 56
2 27
2 59
1 60
2 82
3 11
1 35
6 61
2 68
9 93
6 3
10 52
10 11
2 58
3 25
3 6
2 64
2 96
10 44
3 4
8 21
2 30
9 47
3 28
2 29
1 11
7 51
2 95
7 77
10 49
7 64
4 12
1 81
6 54
7 4
6 66
10 19
2 14
1 31
4 45
4 58
4 86
5 54
3 80
2 18
8 43
7 42
9 67
10 16
7 74
9 33
7 9
8 96
1 51
1 55
2 19
10 64
7 41
9 33
4 39
3 33
4 41
8 66
7 86
2 15
6 65
1 92
1 73
3 1
8 58
8 34
10 33
9 41
2 31
4 30
3 16
6 62
8 61
3 33
10 37
9 4
10 61
3 2
1 7
7 84
2 10
3 35
7 38
8 71
5 15
5 71
1 15
7 62
2 10
3 18
9 62
2 33
9 41
3 11
6 29
8 57
1 91
8 64
3 22
10 99
1 44
2 3
1 98
1 60
3 56
7 70
7 31
1 62
7 8
4 94
5 10
6 0
4 33
10 90
5 47
10 76
9 69
5 14
2 18
6 32
3 50
7 46
10 60
1 42
8 61
10 89
7 98
8 9
2 87
7 10
3 50
10 16
8 66
3 18
10 38
3 20
10 87
5 80
4 18
6 75
4 1
5 61
1 58
9 49
7 24
9 43
9 85
7 91
8 65
6 67
4 70
6 77
8 50
1 30
1 2
9 50
10 2
6 12
3 3
9 21
10 92
10 63
2 85
1 37
8 77
5 6
7 25
1 59
7 80
6 1
1 79
8 76
9 68
3 45
10 89
10 16
2 89
8 75
7 20
5 54
10 2
6 22
5 88
5 76
6 79
2 98
5 24
5 76
3 66
1 74
8 65
5 97
3 96
10 97
2 21
3 87
2 36
10 48
1 52
2 18
2 99
2 74
4 6
3 41
4 39
8 90
1 78
4 47
4 19
9 84
7 47
3 7
10 31
6 70
8 95
5 72
4 48
2 40
3 88
5 34
5 70
5 20
3 89
10 23
6 11
3 33
5 50
8 7
7 19
10 53
7 59
1 96
3 78
2 45
10 42
5 95
3 63
8 41
7 98
4 80
9 90
10 0
1 100
8 87
8 3
4 8
4 96
3 8
9 76
7 3
4 76
3 45
7 13
7 29
2 12
5 99
10 44
4 76
1 34
10 79
2 30
9 39
7 11
5 65
1 51
10 93
8 46
5 43
6 62
1 27
8 5
2 64
1 88
4 12
5 66
6 65
3 21
5 85
9 90
7 0
7 37
4 28
7 0
4 82
7 6
10 78
2 81
5 4
7 51
5 96
1 85
7 40
1 81
4 23
2 59
6 36
10 41
1 65
5 67
6 41
7 69
3 75
3 47
2 22
3 20
4 63
5 28
8 45
10 46
1 30
5 82
6 18
7 24
6 48
5 61
9 51
5 55
8 76
8 73
8 51
7 5
9 30
2 72
8 94
5 10
1 97
3 66
8 77
6 81
6 52
3 61
5 52
6 74
3 65
10 35
6 25
10 96
3 65
5 9
4 63
9 22
5 86
2 44
2 57
4 2
9 10
8 86
6 95
3 69
2 97
9 25
9 53
8 70
1 38
9 65
3 70
7 73
3 50
4 7
1 7
4 82
2 42
8 3
10 1
3 78
4 81
8 81
8 16
10 95
8 95
7 73
5 25
5 48
7 79
2 59
9 59
1 16
1 96
2 36
10 10
10 37
3 37
10 54
5 76
7 63
10 42
1 49
6 27
6 7
4 20
9 52
9 2
6 43
3 51
9 46
2 40
3 76
1 4
1 52
6 13
6 9
5 51
7 49
9 42
4 32
4 18
6 1
7 34
10 91
8 85
6 9
3 89
4 63
2 0
8 6
2 94
10 15
8 51
8 7
9 11
2 15
3 79
1 92
8 8
7 34
8 94
7 93
7 46
10 58
9 73
4 27
5 93
8 96
10 18
10 44
6 53
1 88
3 74
9 17
10 89
3 49
1 34
10 25
8 32
4 65
7 17
2 13
3 46
5 85
2 92
1 49
6 31
7 87
4 29
5 91
7 21
8 32
5 82
3 88
4 93
4 11
6 5
6 23
7 42
9 51
2 50
10 29
10 63
10 87
6 73
7 60
6 26
4 4
5 37
8 77
1 22
2 23
2 17
4 57
1 41
2 75
7 81
5 76
1 5
8 73
1 78
6 11
1 15
5 73
3 77
1 76
7 67
2 22
7 72
1 36
8 88
8 61
2 93
8 14
5 13
5 71
9 74
5 43
9 8
1 26
4 89
7 30
4 76
10 57
8 55
4 98
2 38
7 100
4 24
1 21
1 29
2 84
2 53
2 8
2 20
3 72
9 57
10 95
4 48
3 53
8 32
2 33
5 5
1 13
10 57
2 72
9 54
3 79
2 67
8 19
8 77
1 65
4 69
10 17
4 5
2 31
5 39
8 83
10 98
9 70
8 65
1 98
9 39
9 13
8 76
8 73
4 27
3 18
2 73
1 91
2 2
3 54
2 95
7 65
3 44
7 61
6 99
6 99
9 86
4 23
7 29
1 72
6 90
8 51
2 13
5 37
4 80
8 36
9 75
8 61
3 65
9 9
8 29
4 85
7 82
4 40
9 12
8 46
1 45
8 36
10 61
4 93
8 89
5 56
7 62
8 32
4 90
5 47
9 39
4 87
9 63
6 77
1 10
10 28
4 80
3 36
7 67
9 37
3 56
6 54
8 62
2 75
1 34
8 84
4 53
7 69
10 66
10 36
1 15
10 37
3 22
1 60
7 6
6 28
5 97
10 76
6 40
9 13
3 30
6 37
1 76
7 59
7 1
9 40
1 89
3 53
8 74
7 82
4 83
6 45
2 19
8 76
2 15
7 62
8 18
3 12
10 7
10 66
7 90
4 37
5 30
9 15
3 68
8 37
3 6
9 78
6 61
9 47
3 87
4 21
7 84
1 38
9 98
6 70
8 66
3 1
5 86
5 12
9 76
7 12
7 73
7 90
3 80
1 3
1 57
10 48
1 13
7 66
5 82
10 30
8 59
10 13
5 35
9 26
3 97
2 73
10 74
3 69
10 36
3 46
10 89
3 8
7 46
2 95
2 28
2 42
6 31
10 59
6 84
1 37
1 23
8 22
3 77
5 84
4 31
4 61
8 97
3 56
10 9
6 65
10 74
10 17
7 51
7 96
1 31
4 15
5 60
5 8
9 44
1 16
3 59
1 58
2 91
10 94
3 12
6 7
6 3
4 65
1 88
4 42
5 17
10 10
2 19
6 99
7 58
3 77
3 2
10 65
1 4
5 92
1 54
1 94
3 79
2 0
5 22
9 71
5 50
5 1
8 32
9 74
1 41
4 15
8 45
2 45
5 58
6 74
10 79
5 40
6 7
7 0
1 44
3 26
5 53
1 56
1 50
2 37
5 48
5 73
8 3
6 44
9 94
3 12
6 45
10 82
2 20
4 10
4 28
7 11
6 41
6 67
3 20
7 33
4 49
10 72
8 48
1 46
7 67
3 46
1 21
8 74
4 93
4 55
2 14
3 83
1 82
6 6
6 64
8 100
5 91
7 58
9 30
9 98
4 91
4 9
1 42
2 19
5 83
5 82
7 16
1 16
7 67
9 22
10 76
5 18
7 32
9 53
2 40
6 3
8 37
10 88
6 38
1 34
7 51
8 55
5 51
1 67
4 19
3 88
3 61
2 67
6 95
5 41
2 3
10 100
9 31
1 40
3 78
4 51
9 54
6 38
4 84
3 52
1 12
2 21
10 17
9 59
8 25
2 12
10 70
2 87
3 13
9 10
1 40
3 49
9 82
8 67
8 0
10 86
8 61
8 83
9 56
2 1
6 52
10 92
4 61
2 10
9 23
6 72
5 1
6 82
8 59
5 60
6 49
9 87
8 30
4 42
9 96
7 53
8 20
4 83
4 11
2 24
2 71
3 76
10 45
10 77
9 10
5 56
8 36
7 63
1 60
4 100
3 91
5 64
5 78
9 55
4 37
8 5
8 14
5 51
9 96
3 89
6 88
5 14
7 0
6 33
3 80
9 39
4 79
8 72
10 48
7 38
6 43
5 19
8 54
5 76
8 69
3 78
2 24
10 55
1 45
2 52
3 84
4 98
3 70
6 71
3 98
9 71
9 58
2 50
5 68
6 97
7 18
10 60
1 72
7 38
9 62
6 11
2 37
4 68
4 98
8 96
1 96
7 86
3 32
5 23
2 72
4 50
3 4
6 32
1 68
3 95
10 67
9 17
9 96
9 68
5 69
8 79
8 42
9 46
5 66
5 72
9 32
9 2
3 34
8 23
9 46
3 33
4 94
10 40
10 58
3 71
5 49
1 30
5 24
8 17
3 28
7 13
8 29
2 16
1 2
5 84
4 70
2 30
7 93
1 79
10 70
3 98
3 32
4 36
9 64
5 55
2 73
3 77
1 44
8 22
7 58
2 75
1 31
5 66
2 94
9 58
3 90
7 91
10 96
2 2
8 83
7 77
5 52
1 50
8 63
4 11
8 34
9 11
6 57
6 54
9 61
4 72
4 19
1 41
10 98
4 59
1 50
3 81
2 44
3 86
5 23
5 68
6 13
2 46
10 81
9 57
5 33
3 46
4 1
5 47
1 85
10 41
6 14
6 52
9 23
8 93
8 37
8 38
3 2
3 4
1 40
9 60
7 60
4 75
3 87
2 54
8 51
6 32
10 72
7 96
6 30
9 64
6 51
10 77
10 15
7 54
2 26
7 83
9 19
6 66
3 17
7 21
7 28
4 53
2 20
3 76
9 40
2 46
2 92
8 82
9 30
8 89
9 70
2 33
9 91
3 72
10 5
9 10
8 66
3 25
8 94
1 39
3 29
5 80
1 8
7 52
6 69
4 64
8 70
10 93
1 96
1 88
6 47
1 34
4 72
3 98
6 58
2 55
6 31
8 50
5 32
1 80
4 26
2 27
7 44
10 83
9 51
2 33
3 53
4 53
10 36
10 15
1 17
8 55
6 45
8 54
8 33
1 77
1 85
9 34
6 50
3 22
4 95
8 0
9 34
3 49
10 100
10 37
9 54
9 78
1 89
1 31
2 72
10 19
3 62
9 51
9 6
9 85
5 94
5 11
4 36
9 7
1 61
2 75
4 21
4 85
9 90
8 18
1 4
10 69
3 95
1 76
2 55
3 55
1 2
7 53
5 69
7 90
3 57
1 99
10 11
10 14
9 96
8 95
3 1
6 52
5 49
8 30
7 50
5 76
4 41
6 0
2 11
9 3
3 86
4 26
1 66
3 100
1 98
10 11
2 8
6 11
10 56
8 38
3 90
2 75
1 43
5 0
6 49
6 75
10 69
1 77
3 80
7 35
2 74
7 18
9 85
4 26
7 40
4 56
2 70
5 97
7 93
9 36
6 1
8 4
9 16
8 99
8 34
8 7
5 51
1 38
8 19
1 34
1 53
9 0
3 4
5 2
6 44
4 56
6 76
1 54
6 52
1 94
6 95
2 82
7 6
8 6
7 58
2 58
10 63
6 59
5 52
8 91
6 75
4 83
9 41
8 47
7 36
4 36
6 18
3 77
9 89
8 21
7 77
5 42
5 65
6 37
5 43
2 0
2 11
8 18
5 9
10 67
4 64
7 96
6 78
6 46
8 26
6 57
4 18
4 46
3 56
2 78
10 15
10 40
9 96
6 3
2 7
9 43
9 71
3 27
8 17
10 39
3 91
7 25
3 79
7 46
1 76
1 83
10 68
10 90
6 37
5 68
10 94
10 31
8 5
4 96
10 13
8 34
10 21
3 11
5 26
1 17
6 46
9 98
9 14
4 79
6 7
5 47
8 28
2 27
6 23
4 76
9 55
3 35
6 77
4 96
10 1
5 47
2 60
7 67
1 28
1 2
8 47
3 45
3 93
2 45
7 79
10 37
8 86
6 86
9 61
1 78
6 12
4 84
1 42
2 60
1 47
9 49
7 84
4 67
4 10
4 9
6 8
3 53
2 3
4 18
1 49
4 81
5 47
2 92
1 66
10 26
2 33
4 22
10 28
8 82
7 17
3 89
5 61
9 47
2 8
5 99
1 11
5 65
6 57
1 7
9 66
7 3
6 83
3 60
2 55
9 58
6 97
8 72
9 100
4 20
6 13
5 49
4 1
7 63
6 55
10 44
6 85
10 88
3 13
4 78
9 31
1 51
2 85
1 98
10 15
8 25
1 45
10 1
1 6
5 99
5 77
1 18
5 2
1 18
2 27
7 16
2 35
7 94
5 77
3 37
2 83
3 56
1 48
6 7
10 0
4 32
1 89
9 15
3 39
6 48
6 24
4 47
8 37
9 56
3 5
10 24
8 47
8 55
9 68
5 29
10 6
7 34
6 29
1 13
6 62
10 30
10 31
5 27
10 3
3 52
5 97
1 26
5 59
2 41
4 26
1 58
3 47
1 32
2 32
1 89
10 16
7 36
10 82
4 5
8 46
2 38
3 100
7 24
3 64
3 21
9 78
2 36
4 15
2 96
4 26
3 60
2 9
4 76
3 20
7 35
8 84
8 91
10 57
4 67
7 16
10 39
8 67
9 99
6 13
7 18
10 94
5 91
9 65
9 82
4 17
9 30
5 32
6 54
3 90
8 52
1 76
2 9
9 94
6 66
9 16
1 67
3 84
9 57
3 4
4 97
8 21
10 46
3 99
9 43
2 43
1 93
6 35
2 89
4 14
3 24
6 20
2 83
2 59
8 82
2 34
1 96
7 71
7 63
2 47
5 79
1 96
1 77
1 16
4 53
5 73
5 63
1 41
1 28
10 47
3 91
6 27
1 79
10 91
1 44
1 33
8 44
7 29
9 16
5 28
9 22
2 77
10 79
10 100
5 74
7 88
6 42
6 44
4 60
3 21
8 87
4 54
7 66
5 97
6 73
10 17
8 22
9 75
10 95
6 27
3 15
2 80
7 38
3 94
7 99
9 94
10 34
10 60
9 46
8 88
2 47
10 11
1 81
2 38
3 19
10 30
9 42
9 85
4 44
4 78
2 1
4 78
1 57
8 10
8 80
10 16
10 62
2 64
8 34
10 2
4 23
2 74
1 98
10 44
5 27
9 12
2 16
4 18
5 8
10 82
4 26
1 15
3 78
9 43
1 42
7 25
8 86
5 24
1 96
2 1
1 87
7 52
5 77
5 66
4 10
6 51
3 29
3 99
5 39
10 64
3 23
5 88
8 72
3 55
5 72
8 87
8 95
5 39
7 32
3 39
6 57
7 100
7 58
3 59
9 55
1 76
7 37
2 26
10 56
10 55
7 1
4 59
2 0
2 86
5 27
2 53
2 67
9 51
1 72
8 34
5 88
4 23
1 73
7 5
2 20
8 73
7 24
3 75
2 33
6 1
4 8
4 12
7 67
8 0
8 50
4 10
3 77
7 15
2 29
8 12
7 48
10 8
6 32
6 8
7 95
2 75
10 47
3 40
5 60
8 93
8 61
10 64
10 65
1 65
4 3
5 18
8 48
5 32
1 45
10 71
3 81
6 69
3 49
6 75
9 48
4 29
4 48
8 20
3 76
5 78
7 16
2 26
1 87
3 63
6 11
10 92
9 50
7 29
5 89
7 17
2 74
9 89
7 36
10 89
4 20
3 73
7 10
2 47
2 65
10 73
8 21
3 33
7 51
8 62
8 58
4 74
1 34
6 33
6 59
10 63
3 6
8 96
9 65
2 90
5 67
3 10
8 12
5 63
10 25
2 33
6 63
4 25
7 75
10 40
8 26
8 62
7 56
9 34
8 64
6 53
1 32
5 99
5 86
2 1
2 41
4 52
8 44
6 36
10 5
4 11
7 62
9 100
9 64
1 31
4 53
10 33
7 33
10 13
2 76
9 19
3 54
5 31
4 35
9 31
3 54
10 35
9 91
1 77
3 10
6 76
6 67
8 27
2 11
3 18
10 64
3 21
6 89
7 82
10 89
7 96
1 71
3 9
3 66
4 99
1 78
5 91
10 46
1 50
10 89
10 81
2 9
9 93
5 52
2 95
8 69
6 33
5 61
5 55
4 15
3 53
3 41
8 65
1 55
9 52
1 64
6 91
10 61
6 76
4 69
7 52
6 91
2 53
8 23
1 2
2 61
6 79
1 85
9 93
10 23
7 80
4 27
7 8
7 26
6 34
6 49
10 29
10 28
1 65
6 4
4 1
7 45
4 54
7 83
2 4
8 24
4 59
6 77
9 42
5 81
3 91
7 86
9 69
7 77
8 6
7 8
5 18
4 40
5 87
10 27
5 73
3 5
5 70
9 21
4 77
3 18
6 20
7 99
10 20
9 85
5 30
4 39
3 37
9 37
2 84
6 49
1 15
4 9
5 48
7 20
1 72
8 19
1 53
5 56
9 10
4 43
8 86
6 18
2 17
1 18
4 5
2 80
3 31
6 28
2 59
8 40
2 10
3 98
4 72
3 64
5 41
10 98
5 19
1 24
2 12
9 25
3 18
1 15
1 65
6 53
6 61
1 4
8 19
4 95
1 7
9 83
5 60
6 10
9 26
3 91
4 93
4 2
7 8
5 21
4 55
1 99
4 76
8 44
9 28
8 34
5 89
1 38
5 24
6 63
4 59
9 46
9 61
7 48
1 86
3 48
4 42
1 31
9 47
2 96
7 89
3 25
3 55
10 58
7 2
3 49
4 66
4 73
6 79
5 96
5 96
9 15
6 45
2 38
1 26
6 72
6 12
3 11
1 33
3 26
6 30
3 95
8 76
9 92
8 72
6 99
9 12
9 87
10 51
5 64
3 93
9 74
2 71
7 15
9 4
4 26
10 39
2 77
9 100
8 2
2 11
7 87
7 8
5 36
1 91
5 72
7 50
9 100
10 65
5 58
4 68
3 5
9 51
4 39
6 95
1 82
1 22
5 98
9 89
9 77
4 61
6 11
7 61
5 71
1 25
1 54
2 31
6 82
2 0
2 43
6 33
8 44
7 64
7 96
4 18
3 97
4 32
2 76
6 76
8 28
5 86
10 97
10 10
5 71
3 44
10 86
3 14
8 46
9 6
9 1
4 40
7 32
9 82
6 8
1 91
4 62
2 38
7 76
9 93
7 39
2 15
3 10
8 55
2 43
5 70
5 70
7 19
1 23
7 44
8 60
6 48
3 74
8 92
3 57
2 42
1 18
8 36
3 56
1 2
2 6
9 47
2 21
8 83
4 11
5 9
5 52
9 35
4 0
9 95
1 71
3 29
5 98
3 48
8 67
6 73
5 100
6 61
2 82
3 16
8 20
2 13
2 55
4 68
3 42
2 61
5 62
6 9
2 87
2 87
9 34
8 18
4 85
9 91
8 59
6 25
1 76
3 61
2 75
4 80
7 7
3 85
6 88
8 81
4 14
7 32
5 21
8 51
5 42
1 92
5 52
1 25
5 10
9 82
3 43
6 12
1 82
1 98
6 36
1 84
4 59
4 38
4 74
9 44
2 40
9 27
1 4
1 93
2 98
8 92
5 30
1 81
9 73
4 53
7 77
7 52
1 63
10 11
10 87
10 41
1 12
7 93
7 52
7 90
6 77
6 62
6 29
5 91
10 77
7 48
4 90
2 60
6 17
9 79
1 91
7 44
7 61
8 18
3 15
10 49
1 7
5 63
5 72
9 99
9 98
5 60
3 19
1 75
6 31
7 86
5 46
10 50
1 22
9 62
7 5
10 100
2 100
10 10
3 8
9 11
2 95
5 91
7 54
10 23
10 7
4 55
3 3
10 16
2 0
7 6
7 80
9 6
6 51
6 35
2 31
7 35
9 72
9 26
3 89
5 45
3 3
10 55
7 21
1 58
7 32
6 79
4 59
6 77
1 57
5 83
6 44
9 35
1 10
5 68
3 86
4 47
8 39
10 21
10 6
3 14
5 16
6 93
1 82
3 55
7 24
4 11
3 90
1 4
8 2
7 94
10 70
8 43
1 75
10 88
1 78
2 92
5 22
5 41
2 58
3 66
2 76
5 5
8 10
2 53
1 70
10 31
4 40
1 4
6 5
8 50
4 91
6 78
6 24
8 89
8 13
10 59
1 76
3 90
1 9
7 98
5 42
4 12
10 84
3 8
5 56
8 77
2 91
1 43
5 70
4 7
9 84
10 3
2 68
10 64
1 32
9 80
1 68
6 74
8 93
5 63
3 10
10 11
3 50
5 86
8 47
7 47
6 45
9 29
1 98
1 47
9 53
6 85
4 5
10 76
7 23
8 31
10 17
4 6
4 76
1 22
3 51
6 27
2 76
8 35
2 52
7 2
5 48
4 39
4 78
3 28
3 74
3 53
4 16
8 15
2 77
2 65
6 8
9 11
6 49
1 96
3 28
4 65
3 98
4 85
4 70
1 73
3 90
1 54
2 5
3 64
6 11
1 83
3 6
2 18
5 24
7 44
9 53
10 69
9 81
8 28
2 38
4 3
6 52
4 54
3 87
5 29
2 43
7 9
7 95
3 91
7 63
7 19
7 92
2 30
1 96
3 99
2 59
3 32
2 76
7 8
10 81
10 4
8 11
10 30
10 36
9 24
8 93
8 69
3 3
6 25
2 26
4 31
10 8
5 73
2 46
10 54
7 56
10 94
4 77
7 16
1 77
3 28
3 42
1 67
8 66
5 82
8 67
7 98
10 11
7 68
1 80
6 57
7 48
3 21
2 30
3 19
5 66
5 85
5 2
10 65
5 100
10 15
10 69
10 72
1 66
3 2
8 48
8 44
5 46
6 7
6 91
1 5
7 24
3 49
9 96
9 31
10 44
8 32
10 87
4 18
5 59
3 71
10 50
10 51
1 65
8 73
4 11
1 38
2 46
4 17
9 8
5 19
6 54
10 25
8 20
3 48
2 42
2 87
10 2
1 8
8 61
5 72
10 6
5 73
3 53
7 100
6 87
10 97
5 100
3 38
3 75
4 87
7 30
1 78
8 39
10 81
10 70
1 100
2 61
10 58
2 46
1 86
3 11
9 25
6 47
4 26
7 47
7 59
6 7
4 56
7 8
3 1
5 55
9 54
10 37
2 32
1 68
7 75
1 86
5 96
1 73
7 94
8 59
10 14
6 17
3 22
6 4
2 25
7 65
6 23
4 81
4 33
7 58
4 65
6 9
10 89
6 87
6 46
9 15
7 22
6 79
9 94
4 92
8 59
5 78
9 94
10 11
4 24
9 62
8 15
10 97
4 26
8 6
5 34
3 96
8 97
10 24
10 34
10 21
9 44
9 82
10 53
4 52
1 57
8 1
4 66
10 46
5 7
8 94
5 91
9 100
6 50
9 40
2 19
8 16
5 41
7 23
10 3
6 43
5 87
10 8
6 25
4 4
10 19
2 24
6 49
10 88
3 16
9 19
4 50
9 42
6 41
5 22
6 78
9 100
8 90
7 8
6 16
3 55
6 53
8 18
3 18
4 31
6 48
6 55
9 21
1 63
7 95
8 21
10 94
7 61
7 1
6 61
6 66
6 78
7 71
5 54
7 48
7 35
3 49
3 99
9 23
1 93
10 97
9 89
10 83
5 94
6 72
5 0
4 9
8 36
3 27
6 1
8 5
1 61
4 71
4 17
1 43
4 96
1 41
1 76
7 88
5 62
9 26
10 21
2 24
2 76
8 6
5 94
8 33
4 21
7 64
7 3
2 1
3 41
3 75
9 40
7 67
4 83
8 10
8 25
6 91
8 35
6 26
10 98
4 72
10 62
2 30
3 15
1 37
8 48
7 16
4 52
8 34
8 21
8 5
2 52
3 17
10 92
1 79
3 84
7 90
6 93
2 96
3 17
8 93
8 42
7 60
10 3
8 10
3 0
6 69
7 60
2 95
2 49
3 5
2 81
4 0
8 52
6 18
3 25
9 67
9 89
9 57
2 27
8 70
1 45
4 83
3 51
1 78
3 82
6 58
7 57
1 100
1 25
9 100
3 94
10 8
9 67
10 51
10 36
5 34
7 20
9 50
10 83
8 12
10 77
10 98
8 90
7 40
5 54
5 28
9 23
8 24
1 6
1 34
1 14
4 90
4 98
1 99
7 4
10 58
3 3
9 37
8 77
5 83
2 2
10 13
3 29
2 50
5 85
4 50
3 14
1 23
5 17
4 93
8 15
6 90
9 96
1 90
6 31
10 57
10 81
8 82
1 38
10 63
9 55
4 10
4 23
1 47
10 59
2 2
10 47
2 52
8 33
2 7
2 25
5 0
2 19
5 97
5 3
1 58
3 18
6 98
3 48
10 100
10 10
9 4
10 47
2 100
6 64
8 58
5 6
7 73
5 75
9 70
9 91
6 89
8 46
1 1
5 53
1 89
9 31
4 8
2 100
2 72
1 48
3 35
3 17
3 7
8 39
5 47
7 61
5 88
5 1
3 81
4 71
4 56
4 93
9 71
1 43
9 94
8 45
3 80
8 31
7 21
8 45
8 68
7 7
3 46
7 99
7 93
3 76
8 93
9 25
10 44
5 42
7 19
9 81
3 19
7 19
1 5
7 97
6 7
9 49
5 77
1 20
6 10
1 95
4 64
3 82
10 87
10 98
2 80
8 99
5 55
6 64
1 85
8 11
4 47
5 15
1 25
3 16
4 67
10 34
3 20
9 33
10 61
9 94
3 64
4 52
7 73
6 81
8 60
7 35
1 0
8 29
8 80
5 44
5 20
6 69
9 19
8 70
9 61
9 21
5 40
3 87
10 88
4 21
6 88
5 81
9 4
1 52
2 72
6 31
9 90
10 93
4 25
3 95
2 54
10 56
1 87
1 16
2 71
9 95
3 14
9 93
2 45
5 47
5 87
9 67
10 39
1 68
1 38
1 45
5 95
2 66
2 29
1 58
5 72
6 9
5 54
8 91
4 26
3 10
5 58
9 83
9 28
7 86
4 41
2 94
1 49
5 12
10 70
3 23
6 73
9 30
6 37
9 41
1 84
7 16
7 58
9 47
7 26
5 56
4 37
6 34
9 16
4 24
6 97
9 59
1 57
7 97
2 11
7 7
9 28
8 73
2 48
9 92
10 63
9 77
8 18
8 47
8 68
6 79
2 2
3 24
4 17
8 69
6 72
7 37
8 14
5 45
2 41
10 17
5 97
7 52
4 16
5 54
8 37
4 98
9 15
6 4
7 15
6 66
1 76
10 23
5 34
4 64
1 5
2 70
7 73
8 32
7 16
9 2
5 89
9 93
10 92
7 98
5 12
4 76
9 92
8 26
4 6
6 97
3 12
6 53
3 96
3 26
8 17
1 39
1 15
8 25
2 19
6 90
9 49
1 49
7 36
4 14
3 21
10 31
8 37
7 61
4 32
8 50
5 12
5 8
8 0
9 61
2 87
8 19
3 51
1 36
9 75
7 81
4 52
9 4
8 71
1 1
8 61
4 37
9 100
2 75
2 7
9 29
2 28
8 81
1 5
8 16
6 19
10 86
9 46
10 60
10 46
9 64
7 47
3 30
7 26
6 25
4 59
8 100
1 11
2 52
7 15
6 8
1 17
1 94
5 47
2 34
5 65
3 0
6 78
2 19
6 18
4 94
10 38
7 36
5 51
8 74
4 67
10 12
4 17
5 34
10 43
2 44
8 78
5 8
5 78
6 55
5 35
8 7
9 31
1 33
5 43
3 62
2 56
4 81
8 52
3 1
7 98
8 44
5 1
4 90
5 36
9 45
4 65
4 1
3 10
2 52
10 95
4 46
3 100
3 0
9 57
10 55
5 7
2 94
6 58
8 99
8 84
7 84
9 59
5 32
5 45
7 15
4 89
8 1
3 98
5 58
10 19
9 21
5 96
6 62
8 53
10 82
2 52
9 40
4 35
2 12
1 42
2 48
2 65
4 85
9 43
9 75
10 93
10 51
5 22
1 55
10 8
2 79
8 36
6 40
1 59
1 16
5 49
1 56
4 86
10 86
7 45
1 18
5 16
8 6
5 63
6 73
7 80
10 33
4 24
4 35
7 82
9 52
1 19
9 9
8 18
1 4
1 23
6 70
6 31
2 51
10 57
3 42
2 6
7 33
4 73
5 50
7 46
8 47
5 65
2 87
7 8
5 85
4 24
4 69
1 65
6 87
6 83
10 5
9 65
10 92
6 92
2 9
2 73
9 13
4 92
2 20
2 54
7 34
6 9
7 90
2 23
7 92
8 51
8 75
9 28
8 15
2 89
9 18
2 19
5 34
7 20
4 4
1 29
4 36
7 91
8 70
10 99
3 74
7 85
2 63
9 44
9 21
7 64
3 34
4 28
1 87
4 62
1 57
4 38
2 63
5 1
7 88
3 83
8 45
2 69
6 100
2 91
7 57
5 68
6 1
2 56
7 91
5 60
1 36
3 84
9 66
5 50
10 95
5 54
4 62
4 30
1 86
1 0
4 63
4 41
9 53
1 79
9 26
9 91
2 55
7 85
1 48
5 24
3 51
5 58
7 90
6 100
4 98
7 88
2 41
1 76
9 3
5 18
3 48
3 35
6 78
1 10
10 13
4 48
3 20
1 62
2 7
6 64
5 95
3 21
7 74
9 24
10 4
9 67
3 92
6 39
3 6
6 19
7 4
2 77
8 80
6 34
5 27
7 95
2 92
6 95
9 32
10 14
4 43
4 69
2 11
7 15
3 28
4 7
2 95
7 91
9 29
1 79
5 41
8 44
9 10
4 39
4 47
8 60
9 55
1 42
6 53
8 42
4 60
10 18
9 62
6 32
6 10
7 3
9 7
4 84
9 8
10 39
6 2
9 99
6 57
8 82
5 11
9 4
5 7
10 35
9 6
2 62
7 90
8 34
5 24
8 65
1 31
3 47
1 52
4 54
2 31
2 31
3 79
8 92
4 43
6 3
2 45
1 39
9 91
10 0
1 82
2 49
3 45
6 17
4 13
8 64
7 36
9 3
1 5
9 38
3 73
3 24
3 10
10 78
1 33
6 88
7 13
1 53
10 27
4 98
8 39
6 20
2 40
6 24
9 60
1 67
5 62
7 27
3 15
9 18
1 23
1 4
8 45
2 0
4 51
2 27
4 0
4 88
9 51
6 65
1 93
10 19
10 33
2 99
6 33
6 83
4 69
2 78
3 17
1 92
8 78
8 9
3 66
10 34
4 26
1 41
5 64
6 36
7 73
8 18
9 40
3 51
9 66
2 8
10 2
7 91
8 66
7 27
4 78
3 63
1 31
1 6
7 23
6 12
7 18
9 29
9 4
10 29
4 95
7 75
6 14
6 21
3 60
5 11
3 46
10 28
8 51
3 46
3 14
6 58
8 31
5 16
8 96
2 49
4 61
9 13
1 21
10 20
4 12
7 38
10 6
10 92
9 95
3 11
4 75
3 84
4 17
1 6
6 63
3 85
9 31
4 48
4 11
9 42
6 90
3 53
4 55
8 22
3 59
2 3
4 44
8 28
1 50
2 34
5 12
7 7
8 89
9 31
3 46
1 37
1 59
5 15
1 81
10 74
8 12
2 23
9 92
10 12
5 44
3 66
6 27
10 31
2 97
6 48
9 81
6 32
4 73
1 95
1 13
4 20
4 73
8 10
4 78
6 22
2 72
5 42
5 27
9 29
1 59
3 12
2 82
5 42
7 75
10 83
9 63
6 22
8 75
7 60
3 17
2 16
1 3
2 6
4 85
2 63
2 9
4 77
7 10
5 13
3 58
9 7
7 0
2 75
8 81
7 12
5 38
7 70
3 11
10 41
8 52
9 92
7 31
4 65
5 57
5 38
2 65
4 15
3 20
1 93
4 50
6 17
8 75
6 69
10 57
1 69
2 4
9 32
1 33
9 93
10 90
2 71
6 0
9 44
2 1
5 5
6 92
2 55
1 45
2 21
1 23
6 60
4 81
10 38
1 6
8 43
10 79
10 77
9 68
8 27
10 27
7 54
1 95
4 0
9 80
9 38
5 93
6 91
1 48
9 41
10 53
5 20
9 76
6 77
1 1
6 67
3 90
7 38
4 80
4 24
9 56
7 50
8 2
7 87
7 76
10 67
8 66
8 4
1 39
2 52
3 92
2 55
7 59
2 17
7 0
3 33
6 3
2 36
1 36
10 68
10 48
9 97
6 85
4 14
2 1
3 49
6 87
5 89
4 58
2 91
3 66
3 30
7 36
8 11
9 95
7 17
1 27
8 59
7 62
9 88
3 22
2 20
3 45
5 98
2 18
6 64
4 36
9 92
2 45
8 12
9 23
5 67
7 85
3 0
9 21
7 44
7 85
6 37
5 58
4 21
4 51
6 86
7 76
2 9
9 88
1 91
5 80
3 47
6 77
6 26
8 81
2 13
7 0
7 11
5 69
10 66
10 27
2 0
2 57
1 49
8 87
3 4
3 54
10 46
5 66
6 18
2 18
7 93
4 9
4 35
9 80
5 45
7 29
6 36
6 55
4 37
1 85
3 22
9 61
6 16
8 45
9 58
2 90
5 16
1 54
5 35
9 17
5 66
4 65
7 48
1 96
3 21
10 92
10 83
1 92
7 12
10 92
3 62
5 99
8 70
4 19
7 53
1 15
9 5
8 99
2 96
3 94
2 72
2 9
8 55
3 40
2 30
5 53
3 61
3 73
3 43
8 16
8 32
4 71
9 64
2 7
10 62
10 31
2 23
7 75
2 54
7 24
3 73
3 77
3 93
10 25
9 11
9 5
6 45
8 14
6 65
9 14
7 17
1 9
4 18
2 58
6 14
9 2
7 90
7 65
7 83
3 93
2 36
1 95
5 94
8 39
7 56
7 83
8 23
5 55
8 58
10 91
5 51
6 94
9 45
8 60
9 38
4 29
7 16
10 65
6 32
10 98
8 21
9 46
2 58
1 48
4 62
6 13
10 26
7 82
3 97
2 53
6 81
5 90
6 83
5 31
2 13
7 77
1 23
2 17
3 35
1 60
5 2
5 82
10 38
3 6
4 3
4 5
3 79
7 25
3 42
10 89
3 90
6 26
1 49
2 53
1 63
1 60
1 36
5 99
2 28
1 10
5 79
1 8
8 91
6 10
8 88
9 68
5 15
1 52
6 22
2 33
3 33
1 25
7 47
5 39
8 51
3 4
2 64
8 53
4 48
4 47
1 28
8 96
7 24
9 96
6 42
8 3
1 25
4 73
1 27
3 70
4 14
9 45
8 95
9 85
9 84
7 40
3 21
1 61
7 36
7 29
8 44
10 7
6 54
5 83
8 99
4 46
4 86
2 67
1 47
9 34
4 89
7 70
7 28
8 76
8 84
7 77
5 41
6 31
1 52
2 41
10 59
5 15
9 21
8 58
4 38
4 12
8 47
2 61
3 46
10 29
6 65
6 69
8 55
2 87
5 23
6 60
1 51
2 84
4 44
9 74
1 34
1 9
4 53
10 21
9 12
9 42
3 24
3 16
6 53
8 94
10 96
2 51
5 9
2 14
3 19
7 47
9 62
4 58
7 7
3 72
10 92
10 62
10 75
8 28
2 60
9 40
9 18
5 2
1 68
8 73
10 11
6 7
10 32
1 24
3 98
5 50
5 72
4 40
4 25
5 31
3 11
8 27
5 15
9 60
4 86
8 32
7 88
3 77
9 47
9 72
1 2
2 13
9 5
5 49
10 30
9 89
5 87
8 74
3 94
4 93
10 64
6 65
7 52
6 100
3 59
3 38
6 61
10 49
6 20
2 79
6 59
7 15
1 23
3 40
2 25
4 81
6 50
7 85
3 9
5 11
3 25
3 50
5 34
6 92
10 55
2 79
10 100
3 74
5 95
10 55
2 15
6 38
7 46
2 40
10 69
9 56
9 3
10 91
3 88
8 0
2 52
4 26
7 93
5 82
4 13
1 4
5 26
7 5
3 6
3 80
4 26
4 45
8 26
4 7
1 70
10 20
4 62
8 15
9 67
8 70
3 84
1 72
3 17
6 4
6 20
10 96
9 27
1 93
5 35
1 85
6 76
5 91
9 23
6 33
5 4
5 83
9 27
3 9
3 23
2 3
5 90
4 7
5 92
5 2
10 37
5 73
5 84
7 56
4 12
3 48
8 42
3 88
10 85
9 6
7 82
3 38
8 80
3 69
4 47
5 67
9 86
2 98
7 89
3 61
2 85
9 5
10 72
7 46
10 97
10 45
1 79
5 58
4 20
4 97
2 71
7 92
2 26
9 48
3 23
5 46
10 89
8 39
2 52
7 0
5 83
2 77
8 13
8 94
10 84
9 63
6 89
9 14
8 16
10 99
7 59
8 98
10 13
9 32
8 14
8 32
4 76
10 68
9 58
9 62
7 86
7 67
4 18
4 70
