10000
3 29
10 7
5 24
1 48
6 32
5 5
7 68
5 70
1 68
8 82
3 1
8 8
5 63
4 50
8 45
10 77
8 72
9 74
4 20
8 62
2 51
6 96
8 58
5 94
9 44
3 32
9 23
6 51
9 92
6 8
5 36
2 96
6 67
6 0
9 69
3 97
1 99
2 15
2 75
10 61
1 39
6 62
8 42
5 70
8 62
8 60
9 26
6 35
3 56
6 36
4 21
3 44
4 79
2 56
9 53
8 72
4 19
4 91
10 39
10 26
10 91
9 62
8 27
9 61
7 84
6 23
5 72
6 38
9 94
10 95
3 68
8 75
4 19
8 32
9 40
2 38
7 32
9 59
8 28
7 86
9 30
2 37
6 1
9 62
4 33
7 95
9 80
6 86
3 88
1 32
1 64
5 10
7 17
10 8
9 62
10 7
8 56
4 47
9 26
6 49
10 92
6 63
1 79
6 90
2 73
6 52
2 26
9 67
10 54
9 43
10 80
10 73
7 1
1 40
7 68
4 97
9 93
3 1
5 43
10 50
8 26
9 47
5 84
4 83
9 76
1 75
5 2
10 55
6 39
9 58
5 78
8 41
2 55
8 2
8 5
1 95
7 85
1 23
1 3
5 73
10 23
10 67
6 2
2 58
5 37
4 39
2 83
9 6
10 43
3 36
4 2
4 77
2 95
5 13
1 85
7 36
1 100
8 40
5 26
9 71
3 28
9 93
10 85
10 97
4 44
4 44
5 70
8 76
8 91
4 2
7 51
10 21
5 84
3 13
2 0
8 74
6 8
6 46
4 32
5 13
5 12
1 36
10 68
9 73
1 10
1 77
1 35
9 41
9 12
9 69
6 41
4 13
1 44
4 76
4 69
2 0
8 51
8 20
5 7
6 55
10 6
10 94
6 42
10 97
8 14
4 99
7 82
9 17
1 37
1 38
1 1
10 94
2 67
5 9
1 19
10 100
6 16
8 15
6 97
4 68
3 64
8 13
1 95
10 75
2 9
5 54
6 61
4 2
4 17
10 47
3 26
10 58
8 10
7 3
5 45
3 3
7 47
3 9
8 53
3 10
1 56
2 49
2 1
6 20
5 79
2 38
9 1
4 53
7 35
7 12
1 0
7 86
10 50
8 30
5 84
7 4
7 26
7 75
5 79
4 92
1 87
4 20
8 59
2 10
8 14
9 49
9 66
5 83
4 47
7 92
10 81
8 50
9 93
10 13
3 72
9 42
2 95
8 37
6 87
7 31
6 13
2 14
9 47
4 72
8 54
1 16
2 60
3 43
10 92
5 51
5 44
7 25
5 29
2 97
2 45
4 85
1 83
3 37
7 79
7 56
5 31
4 59
3 61
6 67
7 11
7 36
10 1
9 47
9 54
7 0
5 52
3 21
9 23
3 11
1 94
5 45
10 66
3 47
2 61
2 75
2 51
2 13
8 99
7 69
8 34
1 15
8 2
2 10
2 96
9 32
7 49
10 66
6 65
3 81
10 61
7 81
6 66
6 40
7 67
9 59
9 54
9 56
9 74
2 68
1 64
8 3
6 55
4 52
9 83
6 76
6 20
2 22
1 54
5 98
9 40
10 82
1 60
4 90
9 31
3 8
1 0
10 11
3 82
5 83
3 77
10 14
2 100
8 91
4 85
2 31
5 40
5 51
8 31
9 50
6 50
8 32
1 87
1 17
3 55
3 7
4 97
6 63
1 4
7 21
2 82
7 77
9 12
6 40
1 4
3 95
4 45
8 0
2 62
3 48
8 9
10 17
2 2
8 8
6 25
8 61
9 87
10 70
1 52
2 86
10 2
7 30
9 81
6 11
2 16
6 57
1 41
10 62
10 28
1 63
2 13
8 81
5 92
4 66
10 68
4 54
1 91
4 50
9 12
3 8
9 8
9 84
1 7
3 89
6 7
2 68
10 46
3 60
5 16
4 13
1 65
7 68
6 28
8 87
6 37
3 98
10 85
2 76
6 72
2 15
5 72
3 62
8 29
2 96
4 47
1 93
8 98
5 66
4 57
10 18
7 97
1 58
7 40
8 62
1 84
8 47
10 84
4 96
6 62
6 42
4 15
5 93
6 38
4 30
1 55
7 17
5 33
10 47
5 36
2 50
1 12
3 86
5 18
3 47
9 0
10 99
8 81
8 73
4 19
9 70
1 6
7 57
2 46
8 95
3 15
6 52
1 7
8 25
1 3
6 34
7 12
8 31
5 93
4 74
6 5
9 95
9 35
5 58
1 14
2 92
7 77
6 58
2 42
10 59
3 0
4 45
8 51
2 79
7 71
2 76
1 82
8 5
6 43
7 80
3 7
1 33
8 17
1 75
6 77
10 100
9 78
8 6
4 19
7 66
9 78
9 85
9 23
4 21
9 34
6 76
6 79
3 82
9 85
8 72
4 4
1 95
5 55
8 27
2 34
10 1
4 86
8 8
6 42
4 88
7 65
4 33
8 50
3 32
1 86
2 15
7 68
10 67
10 10
5 66
7 25
7 27
10 49
7 90
1 65
8 80
7 67
1 100
1 50
9 33
4 33
10 91
6 26
6 37
4 95
9 66
6 20
9 51
2 38
9 52
10 93
6 41
8 64
9 40
1 20
6 2
2 10
9 86
10 71
10 73
1 69
8 9
9 16
2 2
2 67
3 24
4 72
3 33
3 20
5 75
2 9
4 93
10 82
5 28
1 46
8 85
4 7
8 29
2 14
8 58
4 94
10 5
3 65
7 0
3 14
1 53
4 39
9 19
9 82
1 12
1 81
2 27
4 71
1 63
2 92
2 66
5 57
6 12
9 19
10 43
5 66
5 36
4 45
9 64
2 50
5 4
6 30
2 73
1 69
7 32
9 71
1 3
10 29
10 3
10 7
4 45
8 14
8 70
10 70
3 45
4 38
9 38
5 65
5 81
4 59
1 75
7 55
4 39
6 51
8 49
1 73
4 84
5 60
9 51
10 59
10 92
1 71
9 17
9 53
7 49
7 36
9 52
7 6
9 6
9 14
3 29
9 3
8 3
7 4
9 45
2 11
8 74
2 9
8 82
3 85
4 27
3 98
6 86
4 9
3 97
4 81
8 5
1 92
1 0
2 52
10 29
1 11
10 46
6 89
4 88
7 31
10 84
6 7
6 50
6 20
9 55
4 60
2 31
1 42
7 4
4 56
8 16
8 35
2 27
8 69
2 86
8 24
1 58
5 86
4 88
6 73
5 82
3 79
3 72
6 60
1 70
3 78
2 62
2 24
1 42
9 12
9 27
9 71
2 11
8 84
4 14
9 5
3 46
5 10
7 55
6 66
5 54
5 66
8 28
9 58
8 6
6 30
9 87
7 21
3 68
2 13
4 71
2 91
4 4
7 28
4 77
3 74
2 67
5 52
10 54
4 99
10 80
2 21
2 49
2 56
7 34
7 19
7 87
5 8
5 89
3 9
4 84
10 61
5 91
5 9
5 87
4 95
2 25
3 45
8 58
2 19
9 49
9 23
4 58
3 37
5 1
4 79
9 92
7 51
9 58
8 86
6 94
7 83
3 36
3 75
3 67
8 24
5 61
1 42
6 12
8 69
2 29
5 42
5 37
8 60
1 46
9 83
1 64
4 27
9 42
4 87
9 54
7 61
3 86
3 39
3 66
8 50
10 79
4 94
9 96
10 49
6 15
2 66
6 79
10 75
3 66
10 93
2 62
10 20
9 32
4 62
2 88
1 61
4 99
4 38
7 24
9 54
5 55
5 5
2 13
6 65
4 2
8 71
9 71
4 27
5 46
10 84
4 82
2 29
4 90
6 31
1 78
7 92
3 87
9 81
9 8
9 19
8 71
7 25
6 68
10 10
2 28
5 76
1 23
4 39
9 92
7 11
2 20
1 69
5 96
9 53
2 39
2 53
8 69
1 0
10 67
4 86
10 12
8 39
9 64
4 28
2 69
2 3
5 49
1 27
7 35
3 87
6 50
6 96
8 15
5 56
3 50
5 86
8 13
1 4
5 62
5 39
3 66
3 0
7 24
9 73
5 93
10 15
9 2
6 58
7 33
3 12
2 11
3 4
3 87
4 2
7 34
4 31
2 35
9 26
6 46
7 73
7 49
9 96
5 64
2 35
5 70
10 87
1 96
4 24
1 43
2 40
8 14
1 38
8 48
4 84
9 38
7 62
1 35
5 78
2 69
5 85
2 96
5 28
5 38
1 84
4 17
2 1
2 50
1 75
9 82
4 43
10 77
7 52
5 8
3 70
9 56
2 23
6 83
4 12
5 97
3 5
9 98
9 36
3 50
4 15
10 25
4 6
8 83
6 30
3 10
7 98
3 11
4 8
4 23
3 27
6 3
2 44
2 77
9 35
3 81
4 21
5 3
2 84
3 82
5 77
10 69
2 83
2 31
9 47
6 93
2 40
2 84
8 93
7 44
6 57
9 83
10 20
8 6
2 67
3 56
4 9
1 53
4 91
9 16
1 55
1 26
6 90
2 72
6 73
5 64
8 11
7 38
1 83
3 68
1 94
6 11
3 59
10 26
3 53
2 36
10 4
3 32
7 12
6 79
3 64
9 95
9 65
1 36
1 38
3 60
10 34
5 15
4 65
4 69
10 4
2 42
3 58
1 40
2 11
8 56
3 24
9 69
2 27
7 14
1 77
2 76
7 51
2 84
2 82
4 73
6 13
4 85
6 26
5 25
10 55
4 42
5 46
3 61
5 94
7 35
5 24
5 80
8 4
7 33
5 95
3 51
2 88
8 4
6 55
3 20
4 31
6 44
6 55
9 21
4 23
5 50
6 15
8 63
8 74
3 25
7 42
9 87
5 49
6 17
3 83
7 19
10 63
7 29
10 64
8 89
5 40
2 83
10 60
10 57
9 19
3 85
10 45
5 4
9 33
5 83
7 19
10 70
10 89
5 79
3 0
7 38
8 16
5 6
7 11
6 87
10 27
1 59
1 87
3 29
9 32
5 16
5 3
10 24
7 62
3 93
10 42
1 100
5 16
2 35
10 75
6 11
1 27
3 25
7 88
7 89
6 64
2 93
3 78
3 68
9 29
10 33
2 23
2 68
1 51
5 74
2 98
7 42
2 85
9 74
1 69
5 78
10 73
5 29
10 25
8 2
6 77
6 97
8 48
6 95
5 100
9 78
9 94
10 28
1 54
7 30
10 64
4 75
8 26
6 60
9 18
10 69
6 88
1 63
10 70
8 21
6 94
1 90
6 55
8 66
3 45
8 27
1 19
5 51
10 23
8 55
9 23
4 85
9 76
3 75
3 56
4 68
4 95
10 36
10 34
6 30
2 68
6 47
2 77
2 64
3 71
10 43
4 70
3 36
6 93
4 90
5 19
10 84
8 91
2 47
8 97
9 10
5 61
6 55
9 44
2 89
10 56
6 12
7 86
5 67
6 29
7 66
3 26
1 79
4 23
5 28
6 20
7 18
6 1
9 60
4 41
1 11
6 99
8 54
5 48
8 40
3 48
5 67
4 13
8 45
6 19
2 56
4 74
1 35
3 81
10 38
10 76
6 97
6 76
7 8
1 31
7 74
2 19
1 99
6 82
9 87
3 63
4 37
4 53
2 18
5 58
1 82
3 3
9 70
6 72
1 58
1 69
4 47
7 56
8 92
3 35
10 70
8 76
4 54
5 6
9 100
1 98
2 99
5 20
8 52
1 20
7 86
2 92
3 61
10 9
3 14
10 65
8 15
5 11
9 14
7 11
8 4
7 38
4 52
2 6
1 71
2 56
3 47
7 10
4 65
7 91
1 17
9 8
3 0
3 12
2 78
5 23
4 90
4 80
3 14
6 44
1 60
8 36
1 6
5 60
1 23
6 77
1 44
2 0
2 45
9 55
1 83
8 24
9 3
4 48
3 35
4 16
10 6
4 60
10 19
2 46
4 99
4 35
1 27
2 8
4 5
2 65
1 50
9 51
3 61
5 3
8 70
2 32
1 68
8 68
7 87
6 63
1 91
3 44
7 73
2 86
8 47
3 32
10 70
9 97
2 23
4 89
10 8
2 47
5 74
4 99
5 7
3 93
3 19
3 49
4 56
9 83
9 49
9 72
5 22
9 83
8 77
7 37
7 3
9 18
4 21
6 30
5 63
9 2
8 84
10 36
6 3
4 89
7 78
1 55
3 25
10 99
9 30
5 58
8 93
8 3
7 99
8 24
6 58
10 24
3 61
10 78
6 63
7 81
3 94
2 21
7 72
7 51
3 35
2 27
7 84
2 19
2 30
6 51
5 72
5 51
9 37
5 16
9 86
5 42
8 86
8 80
9 72
9 83
2 85
3 59
7 23
7 69
4 43
9 11
8 81
8 6
5 49
4 20
4 89
8 38
8 48
9 84
2 99
8 51
6 17
8 87
6 72
7 57
6 72
9 14
4 96
4 10
10 37
4 24
4 70
5 59
1 9
3 16
8 21
9 57
4 50
9 22
5 53
4 11
5 80
7 51
9 70
2 42
4 70
1 11
2 32
5 93
2 52
9 80
5 22
4 57
3 58
9 0
1 4
6 61
1 3
10 35
1 83
7 75
7 17
4 15
3 65
4 9
3 15
10 44
10 48
9 1
1 7
4 99
4 22
2 87
3 11
5 68
9 73
10 67
9 6
4 23
6 53
2 2
6 92
5 67
8 74
4 40
9 61
9 80
9 93
6 40
1 41
10 99
4 11
1 88
8 8
4 98
4 25
8 96
4 67
9 79
9 25
4 10
9 86
6 7
3 82
9 53
5 11
10 51
10 52
1 93
9 0
1 29
10 52
5 52
8 70
8 83
2 4
8 17
10 6
1 9
9 34
5 63
8 25
8 49
8 88
8 13
8 74
6 51
7 51
6 26
2 72
1 19
8 40
7 79
8 52
4 75
4 55
9 93
9 86
3 54
2 41
10 20
2 50
3 23
6 66
10 16
6 33
2 32
1 65
1 89
3 8
7 69
6 49
1 37
9 88
2 6
7 80
8 93
9 27
1 0
4 11
5 7
10 51
7 11
8 47
8 38
1 53
3 68
3 32
5 51
4 23
9 21
10 11
1 67
1 22
9 14
2 81
3 47
3 92
4 82
2 57
8 2
4 76
10 61
5 24
5 54
7 38
9 19
1 75
7 98
5 0
2 39
5 70
3 19
9 22
2 10
4 39
2 62
6 91
6 54
10 73
9 72
8 42
1 81
10 55
1 57
5 46
8 99
2 93
10 17
4 26
6 72
6 0
6 13
10 71
2 5
2 2
2 48
5 54
1 24
5 17
6 93
7 73
3 77
3 2
7 97
8 7
1 36
1 73
2 59
6 61
5 43
9 59
8 7
2 76
1 49
6 38
4 97
1 84
6 12
5 13
1 81
3 48
6 51
7 77
6 64
5 73
7 5
1 0
2 74
10 3
2 75
2 30
5 92
6 38
7 53
3 47
3 93
2 97
4 12
4 71
2 67
1 55
5 15
6 72
4 4
9 70
6 70
3 11
8 65
4 91
2 31
9 74
10 19
5 34
7 19
9 73
6 12
3 7
3 61
3 79
1 61
7 62
4 97
2 97
6 76
4 24
3 24
6 72
1 66
2 21
1 91
4 26
1 52
7 96
5 54
9 47
4 31
1 1
4 40
10 86
9 34
9 82
3 10
1 74
1 59
7 5
1 39
10 88
10 45
1 8
7 80
9 23
8 57
7 80
8 80
1 47
6 44
8 20
7 97
5 25
8 3
7 42
5 16
7 16
9 5
4 29
7 80
3 79
2 57
1 3
3 24
8 10
5 90
6 90
8 83
3 46
2 17
8 58
4 87
2 9
3 40
5 2
8 70
6 61
4 85
10 77
7 34
7 53
3 88
4 58
9 89
10 85
4 11
6 37
2 94
8 63
6 25
3 80
5 84
4 92
4 31
3 45
2 98
4 80
5 48
1 64
7 82
8 25
10 33
4 62
1 18
9 32
6 100
6 43
5 19
8 37
10 60
1 41
9 15
3 51
5 17
8 97
6 87
3 16
5 92
10 64
1 32
5 85
5 21
2 50
2 17
8 73
7 100
3 86
5 27
6 28
2 62
5 60
2 97
3 44
2 5
4 13
2 31
2 29
7 18
7 73
7 32
5 11
1 4
6 95
10 23
10 16
2 96
9 33
9 27
5 26
10 82
5 66
9 61
1 4
4 75
5 15
10 54
9 42
5 38
9 75
9 62
7 99
8 47
2 99
9 83
6 60
4 56
8 80
7 32
2 50
5 70
3 50
10 56
9 48
3 12
4 33
8 27
2 31
4 85
2 86
8 86
9 0
9 22
1 10
7 30
9 8
7 5
1 47
9 56
9 97
2 70
5 72
8 91
7 64
8 82
5 26
8 21
2 39
1 97
7 25
7 78
8 41
1 26
6 32
4 16
3 80
5 70
6 43
5 77
5 81
2 98
3 25
1 22
1 1
10 90
2 43
4 90
10 11
3 47
6 55
5 42
9 14
1 5
4 56
2 69
6 33
3 57
10 39
1 85
5 11
1 81
6 100
4 77
1 33
2 47
4 34
7 53
3 25
1 7
8 60
3 55
7 38
4 53
6 83
4 98
7 27
9 63
5 85
7 69
10 85
9 30
10 26
9 16
5 19
1 32
7 43
10 17
5 39
5 14
1 46
1 77
6 27
8 38
2 79
2 82
4 26
9 0
1 77
3 17
4 25
1 99
5 89
4 80
4 27
5 49
9 20
7 22
5 88
4 10
5 69
2 0
4 67
2 16
5 66
2 18
7 55
8 86
3 4
4 24
9 15
10 98
1 33
8 31
3 74
10 8
8 48
9 76
10 41
4 61
10 4
3 10
2 59
5 19
2 48
6 52
5 37
9 79
9 49
5 50
9 42
2 34
4 61
9 73
4 4
6 64
1 47
5 40
1 83
5 51
3 12
10 41
1 32
8 40
8 2
1 33
5 32
7 93
5 17
6 24
4 15
5 35
3 13
10 47
4 42
5 82
8 63
1 92
6 71
4 39
3 47
10 46
7 51
5 38
4 97
8 65
8 18
7 11
9 1
6 1
2 26
7 80
3 60
9 30
6 41
4 70
3 69
7 57
6 44
6 19
6 58
10 55
3 44
9 8
7 52
3 82
3 30
4 60
7 56
3 100
5 65
10 47
1 56
7 99
10 33
5 14
8 30
6 89
9 18
1 83
1 69
10 60
10 96
1 70
9 37
4 61
3 1
10 65
6 69
3 41
3 39
6 64
8 90
10 53
8 17
10 40
1 37
4 72
3 64
7 39
6 99
1 12
4 15
7 80
3 28
3 54
4 28
6 24
1 93
1 14
5 1
6 27
9 14
1 11
2 9
6 67
8 13
7 69
10 1
3 92
10 58
4 65
8 12
7 24
4 98
10 0
6 88
5 39
9 59
1 28
6 56
4 90
2 81
5 32
2 92
9 69
3 82
4 29
3 74
4 20
4 59
1 48
8 13
9 70
6 92
5 61
2 90
10 74
9 43
5 26
4 65
2 77
4 78
4 98
8 1
8 23
8 42
3 31
3 20
8 84
7 5
1 75
3 52
3 73
10 85
9 79
10 73
8 60
2 61
2 4
1 85
5 90
2 91
6 27
6 72
8 85
1 65
5 58
9 99
5 87
9 17
8 32
9 86
3 34
5 0
6 68
8 62
9 48
7 81
5 27
3 67
10 19
8 30
7 60
5 35
3 15
5 44
9 69
4 30
4 71
3 41
3 39
2 12
8 34
7 22
3 50
5 24
8 51
10 26
9 96
5 71
6 62
5 43
2 24
9 44
10 96
6 49
2 95
1 64
2 26
8 55
2 38
4 33
9 95
6 93
10 66
8 37
1 43
7 58
3 22
9 38
8 4
9 90
9 62
2 57
5 3
8 65
6 19
10 68
4 14
2 83
3 66
2 99
7 54
10 84
10 77
8 90
4 69
5 92
3 5
1 64
10 60
9 89
1 93
5 87
5 94
2 81
10 85
1 25
1 29
7 54
3 56
6 78
2 6
3 78
5 6
8 61
6 30
8 7
6 44
9 53
3 12
9 43
9 0
7 40
3 15
1 44
1 10
8 49
7 47
10 78
1 75
2 82
4 95
3 67
6 99
5 24
7 1
7 7
2 9
6 22
3 29
9 78
1 9
9 27
8 37
3 30
9 85
1 7
3 58
9 0
4 33
4 86
1 98
6 7
3 12
9 37
8 55
3 86
1 71
9 1
1 25
6 56
1 60
3 4
3 49
2 18
10 56
10 60
2 2
1 76
2 18
5 81
10 62
4 12
6 48
9 28
5 23
2 7
8 82
6 92
9 40
3 61
1 87
7 9
3 82
3 30
4 69
7 33
6 29
1 97
7 85
1 80
7 44
4 67
10 27
1 37
3 24
9 91
5 72
9 13
3 65
1 16
3 94
1 96
2 33
10 92
2 40
10 0
2 22
9 80
8 42
3 19
1 63
8 72
6 53
1 99
3 71
10 26
4 89
5 41
8 69
4 10
3 42
1 48
9 80
8 30
5 88
7 69
6 88
9 87
3 81
4 16
4 13
8 75
10 11
4 36
2 27
5 77
3 54
5 51
2 70
5 12
6 55
5 100
1 63
3 69
2 81
4 69
2 80
6 69
8 25
10 98
3 22
7 34
8 89
10 61
9 54
5 56
2 42
5 3
2 0
3 100
5 92
3 42
1 50
7 97
8 2
10 34
6 58
5 33
5 77
9 38
2 95
9 5
3 19
7 7
9 92
1 46
6 80
8 84
4 29
6 29
9 40
8 52
6 59
2 45
5 16
9 24
2 56
8 9
9 27
1 9
8 29
7 57
7 52
5 35
10 5
1 53
10 55
7 83
10 54
5 82
2 49
9 78
1 82
3 8
6 59
10 57
3 85
2 0
2 54
7 88
3 6
3 2
5 82
2 92
2 54
3 9
7 16
9 39
9 79
8 19
7 83
1 76
2 90
10 55
10 56
1 57
2 30
3 92
9 77
9 1
6 17
2 11
3 49
8 28
1 74
10 98
5 64
6 88
8 81
6 4
7 41
6 43
9 98
5 0
9 59
4 73
3 7
2 43
4 86
10 95
3 100
7 2
8 89
1 84
1 82
10 35
10 50
9 69
8 62
10 56
1 37
6 73
10 59
4 76
2 97
5 36
7 27
9 11
6 11
1 12
10 4
2 94
4 16
3 20
5 25
4 47
7 86
5 41
10 99
3 76
9 100
4 71
4 30
9 75
5 40
5 51
9 45
10 48
5 18
3 30
5 85
1 81
2 6
3 98
9 28
4 86
5 77
2 98
1 25
2 88
8 63
2 24
6 14
7 89
3 95
5 1
9 59
9 0
3 67
8 89
5 6
1 17
2 64
1 74
4 41
4 71
10 41
8 0
7 30
6 59
7 31
5 25
7 34
6 17
8 87
7 58
2 51
5 34
7 38
3 70
8 39
4 42
3 99
10 25
10 79
2 47
10 23
8 71
6 80
1 31
6 96
2 84
1 12
1 74
4 25
3 33
4 62
5 71
7 90
8 71
8 74
4 85
8 87
1 54
6 15
5 9
4 42
3 22
3 78
10 70
8 6
4 21
9 25
10 29
6 10
7 76
8 57
9 67
3 88
2 48
9 32
3 96
10 31
7 18
2 97
4 1
6 47
7 60
9 21
9 7
3 89
1 52
7 57
3 27
7 100
4 63
9 45
4 20
8 31
4 52
10 0
2 78
6 20
9 96
6 74
5 90
4 44
8 15
2 51
1 42
4 1
6 28
7 56
5 47
5 42
5 10
3 79
6 56
6 89
9 27
8 90
8 60
3 80
2 13
1 57
8 53
2 88
10 49
4 63
8 26
10 40
1 8
7 31
10 6
9 0
3 40
1 42
2 71
10 24
4 74
10 77
3 2
4 96
10 61
2 76
1 79
9 84
9 64
8 71
10 19
5 59
7 84
5 85
6 53
8 45
1 81
7 45
6 34
6 47
2 78
7 17
9 49
4 15
10 77
1 99
10 78
1 16
7 5
3 18
9 5
9 46
3 42
9 67
1 92
1 36
6 99
5 9
4 83
8 32
7 38
7 39
6 54
10 94
5 3
8 14
10 94
8 74
7 100
3 41
2 18
9 36
2 29
1 57
5 71
3 60
7 2
2 5
2 47
8 42
5 99
8 76
2 84
9 49
3 70
5 38
8 24
1 83
6 93
8 81
2 75
1 31
5 24
2 95
5 20
3 31
8 28
3 25
5 70
7 79
10 51
10 27
7 80
4 59
2 82
10 67
9 32
5 58
5 48
8 87
3 21
10 98
10 73
4 70
7 43
7 5
5 47
8 37
10 41
8 91
9 100
5 12
1 45
1 72
7 80
4 97
3 82
3 75
2 23
2 16
2 54
5 23
2 3
3 51
5 45
9 32
10 89
7 61
1 77
4 7
7 34
4 94
1 89
2 47
10 76
4 63
6 14
10 69
10 69
9 8
7 15
7 12
2 7
1 95
5 75
4 44
2 35
3 19
2 19
8 69
7 15
2 51
2 3
4 0
5 86
4 36
2 83
1 20
2 50
4 96
5 80
10 2
3 6
6 67
8 76
6 78
9 35
6 55
3 90
3 31
2 12
2 63
8 95
1 94
6 42
3 73
10 96
8 80
7 91
5 91
7 43
2 83
9 9
5 47
10 13
10 56
1 75
10 82
8 92
10 98
1 96
7 23
10 51
1 77
9 85
7 52
7 71
8 45
5 31
7 92
10 100
9 86
7 14
7 54
9 8
7 61
5 66
5 11
3 14
6 64
9 73
7 15
2 4
2 66
4 67
1 76
1 94
2 99
2 12
4 94
7 62
6 44
4 72
3 72
4 39
4 1
6 26
6 35
2 43
10 24
8 58
7 98
2 89
8 79
1 85
1 93
1 82
8 30
3 73
8 20
7 16
4 24
6 67
4 14
1 56
4 51
4 88
2 30
6 45
2 35
5 70
7 47
1 5
8 74
3 14
3 89
10 47
3 86
5 2
2 41
2 64
10 63
2 0
8 78
10 31
9 49
7 29
5 6
4 60
1 65
2 84
2 12
6 70
8 2
2 2
5 90
7 97
9 0
7 100
10 94
6 13
7 33
8 86
5 9
7 83
1 85
8 11
10 1
9 89
9 17
2 56
7 70
6 97
6 42
7 56
6 83
10 60
7 19
9 18
5 96
5 39
9 33
5 86
7 42
2 17
9 54
3 54
3 83
9 65
5 15
8 89
1 32
10 39
8 30
2 5
2 66
8 78
5 48
7 98
9 83
10 37
6 14
6 17
7 76
1 65
1 57
10 55
3 32
7 23
6 80
8 7
4 59
3 13
2 31
2 92
4 32
10 81
8 46
6 94
9 83
5 4
4 32
7 88
3 7
6 64
3 49
8 73
9 36
10 21
10 3
9 86
1 26
1 96
10 70
6 58
10 1
7 42
2 46
3 11
8 22
5 2
1 15
9 18
10 8
2 56
10 91
4 26
2 58
4 0
3 73
6 96
1 64
4 72
1 56
7 51
1 40
3 35
5 28
10 72
6 8
3 95
2 97
5 40
5 25
3 96
3 7
2 67
5 39
6 29
4 0
10 76
2 40
8 34
8 12
3 32
1 3
2 33
7 100
6 86
5 30
10 79
2 5
6 94
4 12
10 89
1 53
2 73
7 9
2 53
10 96
3 50
2 61
7 48
4 53
7 32
5 9
4 84
9 9
7 17
6 44
8 55
6 97
7 91
9 4
7 71
4 18
7 81
1 1
8 59
1 68
9 24
9 4
5 71
9 8
8 43
10 79
2 87
3 59
10 93
10 37
6 23
9 84
5 38
5 31
1 53
8 28
3 69
4 44
4 91
9 97
5 59
2 85
7 92
10 99
10 32
7 98
1 66
2 85
4 96
8 66
9 67
2 42
4 57
4 3
9 32
5 15
8 89
4 4
2 71
6 2
1 100
1 8
1 67
8 87
10 11
8 39
1 9
3 27
6 74
4 25
4 47
3 75
3 100
4 21
1 30
5 56
2 14
5 22
2 59
4 25
4 12
5 35
5 79
6 93
7 46
3 22
2 18
9 63
1 37
7 55
2 37
8 9
3 7
2 3
7 51
4 17
10 52
5 99
9 63
1 19
10 55
1 71
4 17
4 83
3 28
6 54
6 39
4 59
10 66
5 6
8 71
4 13
7 37
8 30
2 67
7 94
7 91
8 61
9 11
4 11
1 35
10 74
8 83
1 51
2 71
3 3
6 26
8 9
3 17
2 17
4 32
10 56
8 29
7 45
6 0
6 57
8 63
10 44
4 36
5 3
9 36
9 27
2 98
3 94
4 42
2 94
5 81
5 77
8 60
9 52
7 44
7 96
5 100
9 18
4 82
9 83
3 39
6 61
4 19
3 94
10 55
10 42
4 54
8 58
9 92
1 45
7 63
9 100
8 48
3 91
9 2
6 43
10 18
1 62
1 71
8 4
1 44
3 74
10 47
6 82
4 14
2 35
4 11
2 34
4 61
6 34
2 54
1 75
7 60
2 91
9 23
8 72
10 88
3 36
8 23
2 10
8 85
6 5
5 59
1 98
10 9
9 16
10 69
4 14
9 35
2 76
1 45
2 10
6 68
6 88
10 95
4 90
4 9
5 55
2 48
6 42
8 36
10 19
8 41
7 51
10 50
3 58
8 70
1 37
10 29
5 35
10 85
2 47
4 19
10 56
4 17
7 11
8 5
10 0
8 77
4 45
3 4
4 21
7 42
10 98
4 55
2 49
5 75
3 29
6 87
10 77
4 95
10 21
9 73
4 70
7 34
8 88
8 13
10 84
5 8
3 13
7 36
6 100
9 86
4 80
4 88
8 92
2 95
3 21
8 67
4 18
7 53
9 62
1 15
6 52
7 3
4 79
7 94
4 73
10 76
7 59
2 83
4 71
6 9
1 55
1 47
7 95
6 90
1 50
1 81
10 59
5 76
5 47
8 40
4 89
4 11
8 15
10 90
10 66
8 14
7 98
8 40
1 61
9 69
4 62
8 89
4 84
8 0
2 73
8 62
4 95
5 30
2 51
2 50
6 2
9 12
2 29
8 52
4 100
2 46
5 93
3 80
2 32
8 51
10 73
9 70
2 20
1 25
5 32
6 22
8 93
3 85
8 39
8 97
1 50
10 16
10 33
4 87
1 22
3 41
4 20
3 66
1 75
4 42
8 79
6 32
7 87
1 14
7 97
5 76
6 76
9 25
10 45
8 26
3 80
2 49
9 14
6 100
3 71
5 38
9 72
7 50
5 5
7 54
7 67
2 9
2 13
4 97
10 58
2 63
1 72
5 75
10 5
9 12
5 89
5 14
10 91
6 45
6 54
3 47
3 1
4 76
10 83
10 64
10 58
6 77
6 70
6 40
10 89
6 14
2 18
4 26
2 61
6 48
6 22
7 85
2 35
7 100
2 64
1 31
2 22
3 80
9 70
1 80
6 58
1 1
7 0
4 84
1 27
7 14
1 49
1 57
6 10
9 30
8 75
1 58
10 18
10 58
4 34
7 50
8 65
3 15
7 73
6 59
4 20
4 66
4 99
9 91
7 50
5 61
6 28
7 60
10 50
1 60
5 43
7 51
5 66
7 59
2 75
6 62
9 73
7 79
8 79
10 86
4 51
6 96
6 15
3 53
7 25
4 3
1 14
1 47
2 34
5 74
8 60
6 87
2 30
5 33
10 81
7 26
1 54
10 70
2 12
7 18
9 67
1 94
6 93
4 1
2 65
3 97
9 95
2 48
6 92
5 39
10 7
6 64
4 37
1 67
7 78
10 45
6 69
10 15
2 94
2 10
10 80
5 63
9 1
6 97
4 77
2 2
10 45
10 78
4 66
3 21
7 29
3 32
4 58
6 43
10 27
2 33
8 77
5 40
5 27
6 28
9 49
4 18
6 65
1 60
7 79
5 23
3 59
4 90
10 31
8 98
4 13
4 20
4 11
8 92
3 44
5 65
9 14
2 80
7 99
3 78
4 72
6 13
2 51
1 4
9 41
6 23
1 93
4 4
5 36
3 76
9 39
3 1
1 41
7 6
6 85
10 36
4 16
4 4
3 1
5 52
7 52
10 32
2 81
2 24
8 70
5 65
2 32
10 7
6 61
2 79
9 2
7 1
9 57
8 60
9 83
4 74
9 94
1 94
1 84
7 54
4 17
9 62
8 90
6 10
3 70
3 62
6 28
3 5
3 28
5 85
2 74
7 11
2 56
4 21
8 56
6 37
10 9
6 87
8 66
7 22
1 100
10 65
4 79
1 87
5 41
3 86
2 40
10 8
10 21
9 50
4 67
8 25
7 19
2 22
8 96
8 69
8 9
2 3
1 84
6 13
5 94
10 36
8 67
8 87
6 94
8 50
2 38
5 1
7 51
6 100
5 3
2 90
3 50
7 25
8 93
6 16
9 5
1 21
5 24
5 55
10 59
1 21
1 60
2 81
7 78
2 29
8 20
8 46
1 21
8 64
10 54
6 70
7 11
10 69
1 97
5 44
6 65
2 61
6 90
2 83
4 13
4 50
7 21
6 79
1 42
4 62
4 24
7 75
7 78
7 76
6 24
7 42
6 0
5 75
8 99
1 92
2 71
1 23
7 63
5 52
2 55
2 54
2 84
5 25
6 31
8 58
6 24
2 74
8 1
1 64
4 42
1 27
2 90
2 51
8 32
2 13
9 62
8 86
7 85
7 18
6 62
9 58
1 0
1 46
5 58
3 84
9 58
8 87
2 67
7 74
9 7
6 7
8 93
7 61
9 86
8 66
5 52
2 25
1 55
2 57
6 26
8 11
3 54
7 86
1 2
8 41
8 62
5 99
4 54
1 80
2 10
6 59
7 53
5 5
1 31
5 73
10 54
8 14
2 96
10 44
4 59
4 40
7 47
6 33
6 10
1 25
6 37
2 83
3 13
5 38
9 37
8 23
2 46
4 0
6 44
8 91
2 11
9 6
10 2
6 9
7 66
3 69
6 86
3 100
10 27
10 19
3 50
2 12
9 8
5 72
1 0
9 22
8 19
4 29
4 87
2 73
6 91
8 28
10 0
9 49
7 28
3 75
2 24
8 43
7 64
3 42
2 44
5 0
2 58
4 25
5 10
10 3
3 39
4 77
2 87
8 64
8 26
6 87
9 21
5 62
9 4
5 94
4 72
4 7
10 9
9 40
5 100
4 51
2 100
1 83
2 7
8 46
8 36
10 7
3 82
9 91
5 73
9 85
8 40
3 2
4 45
3 28
5 87
10 38
1 72
4 47
9 75
4 35
7 21
5 39
4 71
5 7
9 57
10 13
3 84
4 14
9 39
3 16
6 10
8 66
3 18
6 66
10 24
5 73
9 15
5 65
10 37
3 11
6 51
6 89
5 16
1 100
8 3
10 35
7 81
2 51
3 67
6 27
1 7
9 26
1 57
2 89
4 36
6 7
10 92
6 19
8 83
4 9
2 70
3 17
1 5
6 94
6 23
2 75
9 6
7 31
10 84
3 59
2 80
4 74
7 14
9 11
7 75
7 70
10 35
9 53
8 71
7 12
1 73
6 35
4 68
5 23
8 84
6 16
4 50
4 20
4 86
7 77
7 13
8 99
7 44
10 51
2 11
8 36
5 57
3 6
7 22
2 49
3 44
1 45
5 59
8 60
10 92
5 32
7 22
7 11
8 40
2 32
9 2
4 4
4 22
1 42
10 28
10 79
5 18
4 41
10 12
6 70
1 81
5 15
1 32
4 55
5 26
1 5
5 44
6 6
5 86
4 55
8 26
6 65
3 36
5 87
1 15
4 49
10 30
9 56
4 1
10 69
6 46
8 96
9 15
6 9
9 27
1 76
4 60
7 89
4 64
8 28
10 90
9 78
7 35
10 10
3 46
10 18
8 99
5 79
6 43
9 92
8 78
5 87
5 12
4 100
4 95
6 21
2 24
6 65
6 16
9 89
5 93
9 38
3 8
9 80
2 75
4 36
10 37
2 63
9 97
3 44
3 82
6 96
10 28
7 50
2 67
2 4
9 57
6 64
6 74
7 44
4 41
6 75
4 76
2 90
3 5
7 33
8 46
8 97
5 49
10 94
10 91
8 22
4 22
1 50
6 69
6 46
1 43
3 45
4 36
8 63
10 18
2 65
8 59
4 54
10 8
8 52
4 35
7 71
8 17
1 24
4 25
9 2
9 57
7 66
4 12
4 72
4 57
6 39
5 12
7 13
8 46
6 4
5 9
2 75
5 40
3 55
1 48
3 68
7 3
6 61
8 6
1 25
8 80
1 59
4 4
6 35
6 95
1 91
5 79
2 41
7 78
7 73
7 1
2 98
6 40
1 39
2 98
2 20
8 78
2 91
9 59
10 92
5 89
5 89
7 58
4 33
3 76
7 92
2 72
8 77
10 35
8 94
9 68
2 39
7 45
8 15
6 29
10 10
9 62
6 85
6 6
6 41
8 94
4 35
5 39
6 26
5 77
3 71
4 33
10 59
1 9
4 88
5 50
10 42
10 66
6 47
2 82
7 12
9 12
3 34
9 21
9 55
1 70
7 46
3 77
1 49
7 28
10 22
5 98
2 7
1 29
10 70
4 75
8 24
7 0
8 75
1 23
7 43
10 60
6 81
6 25
3 53
3 100
8 79
4 13
2 23
10 14
10 53
8 73
1 54
9 1
9 59
1 58
1 35
1 52
8 40
1 3
10 31
4 34
6 50
2 75
9 38
9 31
4 79
6 31
2 71
6 96
6 54
6 35
9 5
10 77
5 92
10 55
6 93
9 0
10 13
2 31
1 99
5 89
7 81
5 10
8 97
4 87
6 82
6 90
3 55
10 23
6 95
1 12
7 21
7 21
2 56
7 86
9 32
8 9
7 78
7 6
4 24
3 93
10 35
8 44
1 89
5 4
2 32
7 93
6 76
1 70
4 17
2 29
6 46
1 75
5 37
4 9
3 99
7 62
4 33
3 82
4 41
2 83
10 65
1 54
2 34
2 94
8 16
10 33
8 88
1 56
1 5
6 63
5 59
2 70
1 77
8 56
5 23
7 35
3 81
1 51
10 78
4 15
3 78
1 13
9 95
3 22
5 76
10 8
6 9
6 29
2 37
4 37
2 28
1 75
7 53
2 56
8 43
7 65
6 87
6 50
7 9
4 92
4 0
4 23
6 67
6 85
5 86
9 90
9 80
8 40
10 96
3 50
2 13
5 37
7 52
10 37
2 11
1 33
10 60
6 96
3 70
3 36
9 43
3 68
10 97
3 64
6 69
2 58
4 54
4 87
5 12
1 20
3 64
1 98
9 34
1 49
8 39
1 69
1 54
10 25
6 4
4 18
10 35
8 58
7 54
4 28
6 77
6 24
6 60
4 29
3 71
10 28
1 21
3 79
1 90
6 10
6 27
8 26
2 19
8 2
3 7
6 77
6 18
4 54
3 78
10 14
6 25
1 90
3 35
1 25
6 92
10 77
5 66
4 85
5 12
4 58
10 39
8 37
10 13
5 34
1 63
3 77
7 9
9 17
8 1
3 86
4 92
9 79
1 41
5 22
3 62
2 24
9 1
5 29
9 31
4 51
1 49
5 63
5 31
10 89
3 78
2 67
4 77
1 82
1 37
3 25
10 6
2 55
1 31
9 8
6 99
10 7
8 34
10 41
9 12
7 99
4 48
4 12
4 58
5 31
5 44
7 85
5 72
3 40
3 47
5 88
4 93
10 47
5 5
3 57
9 63
7 55
6 36
5 68
4 24
1 19
6 86
3 18
5 72
1 9
8 5
1 79
2 98
9 49
6 60
9 98
5 47
7 51
2 53
3 86
1 5
7 64
3 44
3 30
1 39
5 96
6 33
7 14
6 97
6 69
4 35
10 89
2 39
3 25
4 15
8 65
4 71
9 1
5 63
1 1
7 74
3 39
3 95
4 83
5 14
1 30
2 1
4 21
1 69
2 94
2 24
10 1
9 15
4 78
7 10
3 36
9 61
6 3
7 59
2 0
4 19
9 92
3 85
2 100
6 15
6 50
3 23
8 81
8 78
6 29
2 90
8 16
1 65
5 14
8 76
10 31
1 2
9 16
9 60
4 62
8 58
7 40
4 7
9 75
2 32
4 76
2 87
6 58
10 25
5 60
10 95
4 81
8 58
9 44
6 41
6 24
2 66
3 50
4 50
10 56
3 23
9 0
7 81
1 88
5 31
2 61
6 30
7 14
8 80
6 8
3 82
10 47
4 51
6 6
1 14
5 81
2 96
10 55
6 32
4 69
9 30
8 42
9 74
10 67
7 15
9 86
3 56
5 0
10 62
6 25
9 85
4 6
5 45
6 75
9 33
2 41
3 99
7 2
2 44
4 66
4 78
1 98
5 34
1 9
2 56
5 43
2 33
4 46
8 8
10 24
5 80
8 76
2 14
2 65
7 19
9 9
5 30
4 10
8 82
2 55
2 38
4 1
10 53
5 41
6 93
6 71
4 71
8 83
9 39
8 92
1 35
3 22
3 35
4 30
3 75
9 88
5 1
1 92
5 97
4 69
7 5
6 69
8 39
4 90
9 93
5 12
7 3
5 42
9 67
1 39
2 33
6 46
5 34
1 88
10 25
5 16
7 12
6 39
1 92
10 92
7 89
10 54
4 95
4 88
4 96
5 35
3 71
5 12
8 53
10 30
10 69
3 73
2 60
1 28
6 91
3 77
9 55
1 69
1 62
9 16
1 40
8 95
8 52
2 11
7 43
8 0
3 76
5 69
2 8
6 20
6 70
4 10
10 58
7 31
1 78
1 82
10 90
3 44
1 73
5 32
1 83
9 75
8 11
4 26
5 10
3 87
1 70
10 84
3 64
10 25
1 87
8 34
7 40
1 55
2 79
3 47
7 70
1 17
6 56
7 21
4 74
9 3
4 68
8 36
7 9
4 100
9 24
2 51
2 5
4 61
10 66
2 50
9 1
6 25
1 99
3 63
5 67
5 81
7 57
6 70
1 79
9 50
6 55
4 22
3 87
7 56
10 31
4 3
5 11
5 56
5 9
5 61
3 4
3 74
1 38
3 10
3 6
5 68
10 91
9 60
2 80
2 10
1 11
4 95
6 52
6 38
6 50
9 95
4 37
8 42
8 30
3 39
5 82
8 18
2 24
7 76
8 9
3 17
7 28
4 59
6 90
6 32
4 44
2 23
10 33
4 71
6 48
4 38
8 84
3 30
9 75
4 51
1 50
1 34
8 31
9 58
5 20
1 67
5 89
7 82
1 8
8 93
7 49
4 48
10 99
7 17
8 54
4 54
8 39
5 27
1 57
7 41
6 64
8 67
5 73
10 6
4 45
3 76
2 13
7 74
10 49
1 89
1 30
1 95
3 86
2 47
4 87
2 19
4 65
6 49
1 52
4 67
9 92
6 26
8 70
6 72
5 88
1 60
8 99
3 51
8 69
8 60
4 91
3 17
2 19
1 15
10 23
4 38
2 58
3 53
3 18
10 78
9 51
7 56
9 22
10 19
3 51
1 24
6 32
7 14
8 48
2 62
4 91
8 17
8 60
10 47
10 94
10 12
8 78
1 24
5 72
10 22
4 6
5 94
4 64
10 33
10 64
7 41
8 4
10 41
3 15
3 81
5 28
4 80
2 63
8 88
4 98
7 19
10 96
5 54
4 69
4 31
8 70
10 98
10 33
7 13
3 28
8 92
7 64
6 3
4 55
4 68
3 89
7 100
6 48
6 78
9 74
8 15
5 23
6 78
3 2
6 100
10 66
7 37
3 52
5 2
4 10
5 37
4 82
7 45
10 1
10 54
3 10
6 70
2 50
8 34
10 82
5 59
5 2
4 94
4 39
9 21
5 68
8 79
1 36
1 62
1 69
4 26
8 27
2 99
2 44
1 73
7 35
7 44
7 95
1 5
7 50
7 48
6 88
1 68
3 21
3 73
3 56
7 100
4 61
5 78
10 68
6 83
3 41
6 38
3 98
3 1
10 1
2 8
2 74
7 89
8 47
7 62
1 54
4 91
10 53
1 89
6 29
8 91
7 32
8 23
5 99
4 99
3 68
6 64
10 38
6 58
10 74
6 77
3 92
2 79
4 58
4 61
4 59
9 59
7 1
5 81
6 47
9 37
4 42
7 14
4 40
6 89
5 18
10 17
2 28
3 84
4 6
6 64
10 100
1 15
5 61
1 82
9 34
2 61
10 74
7 3
4 14
1 52
5 84
8 73
6 25
5 95
9 96
4 90
4 45
8 12
4 41
10 51
5 25
9 9
4 38
1 87
2 39
7 98
10 21
2 77
8 12
9 33
2 93
8 34
2 70
6 25
4 2
4 96
1 81
8 100
8 3
5 77
1 27
6 27
8 46
2 48
7 25
1 93
7 27
2 13
7 37
6 27
9 81
9 52
7 39
3 17
5 58
5 95
1 87
4 40
9 84
3 12
4 80
7 61
9 97
9 74
8 18
4 38
10 93
4 20
9 39
6 39
7 97
3 47
8 37
8 53
8 16
2 41
3 5
1 37
7 90
9 3
10 8
10 62
10 65
8 45
2 85
10 22
8 9
2 3
7 45
3 71
6 88
8 84
2 48
2 47
2 63
9 24
4 30
2 82
9 70
3 17
2 7
8 65
8 20
2 69
5 60
9 20
10 98
10 1
10 10
2 38
7 81
2 48
5 83
6 22
3 64
5 14
2 32
9 28
6 9
8 2
5 67
2 17
2 70
10 65
9 89
2 35
6 69
9 82
9 66
5 13
5 84
1 15
3 78
2 98
5 1
1 24
8 57
2 22
2 20
4 81
10 59
9 18
1 97
2 66
7 87
7 92
4 75
1 32
2 48
3 21
5 45
6 26
9 82
10 65
2 80
3 63
5 19
10 6
7 50
9 42
7 16
5 30
2 66
2 37
2 97
1 12
8 40
4 13
5 96
7 88
9 21
9 94
6 98
9 81
1 84
7 55
6 86
9 25
9 95
8 62
4 32
8 61
8 77
8 0
2 6
3 45
5 67
3 84
4 53
4 60
6 77
9 31
6 22
4 2
3 67
8 37
6 63
1 7
10 41
1 37
10 5
2 13
5 54
9 79
4 2
7 31
8 23
4 95
6 37
8 65
7 35
4 62
2 58
3 38
5 34
2 98
6 23
2 23
9 75
4 79
5 23
4 8
8 33
7 85
8 7
10 7
1 42
8 56
8 71
6 28
6 8
10 36
2 36
1 84
4 8
1 89
5 91
6 99
7 16
7 98
5 37
7 28
1 15
2 93
10 43
8 86
7 45
5 23
7 72
8 33
8 82
3 24
3 26
8 69
10 34
1 21
7 17
1 1
3 58
1 52
6 26
10 97
4 42
10 5
1 73
7 86
5 82
3 90
6 46
7 19
9 28
7 25
8 74
7 16
7 49
10 40
8 45
1 13
10 28
3 26
10 56
3 24
9 50
2 70
1 81
8 37
4 33
2 55
3 6
8 73
3 74
6 76
9 23
7 0
1 7
6 83
7 44
6 79
10 92
8 25
8 81
3 100
7 64
8 35
9 19
5 46
9 98
8 53
5 63
2 53
9 27
6 91
1 68
3 32
4 28
9 49
10 38
3 2
6 28
2 76
4 55
9 27
4 39
4 49
1 60
1 71
9 18
4 86
7 20
2 9
8 47
1 60
2 67
4 50
10 85
7 28
3 95
10 43
10 99
5 75
7 41
3 86
4 88
8 28
1 86
1 26
8 38
5 49
5 71
1 37
4 2
10 89
8 21
8 63
10 83
4 52
1 17
9 7
10 67
6 100
5 3
5 39
7 61
5 20
5 16
6 47
9 54
7 26
7 33
1 7
6 51
6 79
9 82
9 65
8 28
10 13
2 99
9 30
1 35
8 56
7 19
8 95
2 79
7 74
8 51
6 7
3 41
7 54
9 73
9 12
6 58
9 63
3 75
5 48
8 40
9 55
7 62
8 56
1 57
7 49
3 14
9 79
9 46
8 53
2 45
1 20
1 52
8 34
2 76
8 42
7 19
7 90
8 38
1 28
3 59
6 20
4 59
9 15
9 91
7 51
10 24
5 79
3 3
10 72
3 56
5 16
5 78
5 89
6 14
2 33
9 67
7 19
9 85
10 51
2 63
6 45
10 43
3 27
8 65
8 28
3 30
1 90
3 46
6 49
9 38
9 43
9 49
2 57
5 36
10 60
5 15
8 46
2 13
9 15
1 66
2 33
10 39
2 37
10 46
4 60
2 99
5 12
7 24
7 8
7 22
2 8
9 57
7 4
1 57
8 72
10 68
5 81
9 24
10 19
7 75
10 80
4 95
2 59
5 20
9 54
7 45
8 99
10 14
8 91
7 85
8 47
10 53
4 30
1 16
8 10
3 68
1 23
1 93
10 94
3 52
4 48
7 11
8 59
10 31
5 75
10 10
2 5
4 44
5 74
8 54
2 57
4 10
9 56
7 47
4 57
9 36
5 85
1 0
3 64
7 96
2 29
1 100
5 27
10 2
9 73
9 24
7 68
6 13
1 36
7 30
10 99
10 12
3 69
8 98
4 82
6 88
1 60
9 88
7 50
1 3
3 15
7 79
8 35
6 15
3 23
6 56
5 49
6 15
1 59
4 1
2 17
2 36
1 70
4 7
6 26
3 71
9 17
5 20
6 33
3 63
4 50
5 74
8 45
9 96
9 21
10 34
9 56
1 73
1 31
10 70
8 61
9 25
7 18
9 24
6 60
3 29
4 3
9 42
5 2
5 15
5 39
5 90
1 15
10 6
6 51
7 20
3 87
7 72
4 43
10 75
7 19
6 56
4 51
7 71
4 81
10 50
7 55
8 47
3 56
9 25
1 78
7 3
10 71
5 6
9 71
10 11
7 73
1 78
7 0
4 7
10 92
7 61
10 71
7 6
10 90
5 71
7 16
6 0
8 78
9 68
7 86
9 63
4 23
2 23
9 35
5 15
6 0
7 6
5 73
1 2
3 26
9 5
10 95
9 81
6 45
4 55
4 17
7 50
8 53
7 85
9 52
4 98
6 45
5 42
9 47
6 52
9 44
8 81
2 85
10 85
7 50
4 48
8 33
10 50
4 10
4 55
3 96
6 63
2 41
6 46
1 45
8 100
2 44
1 27
8 15
6 55
2 2
5 96
1 90
8 25
3 2
2 75
8 70
1 11
4 47
9 24
4 72
3 15
10 20
9 81
2 96
4 15
9 27
4 67
9 21
5 46
4 43
6 63
4 80
7 59
9 87
7 95
7 87
4 51
9 85
1 91
9 51
8 60
8 42
7 27
9 40
5 61
7 43
8 0
9 62
5 71
5 78
4 77
7 81
3 0
10 90
6 58
10 89
2 86
4 11
5 54
3 71
7 26
7 17
4 77
10 7
9 97
7 25
10 36
8 42
7 78
4 69
8 100
4 3
9 46
7 96
5 12
6 87
1 27
3 99
2 26
9 87
8 92
4 88
6 72
2 3
7 10
8 16
5 80
8 68
3 71
2 51
1 77
10 66
6 42
9 24
5 79
5 45
3 34
5 1
7 59
9 86
1 13
9 77
2 6
1 73
8 51
8 11
5 94
4 32
4 62
3 21
8 81
4 68
5 6
2 74
5 50
2 61
7 63
6 29
8 13
3 85
8 21
3 11
9 52
1 40
4 59
9 89
1 23
10 22
6 49
9 42
1 68
5 4
10 47
5 29
9 61
6 50
2 8
2 45
10 40
9 49
2 32
4 5
9 30
4 68
7 64
3 63
3 10
9 91
3 20
3 93
4 5
8 8
6 68
2 37
9 28
10 83
5 11
4 59
2 39
10 8
2 1
9 33
2 75
9 6
6 46
1 92
9 0
9 51
2 47
9 27
4 0
4 0
2 83
8 26
9 72
9 17
1 12
9 63
8 36
1 96
1 66
6 44
7 81
8 9
8 5
4 86
4 43
5 55
6 67
5 32
1 57
5 37
10 84
6 65
4 1
4 85
1 79
2 32
6 78
7 36
3 9
1 69
6 46
3 39
4 96
8 41
3 1
4 36
1 13
9 12
8 41
7 77
5 99
3 98
2 84
1 22
1 82
6 59
7 38
8 72
10 49
3 89
8 84
8 3
6 32
10 72
6 77
10 83
4 85
7 87
3 69
8 25
3 22
7 84
6 49
8 13
8 28
3 6
7 1
2 67
10 95
1 29
10 86
9 100
8 55
3 56
9 51
1 95
6 75
10 21
2 46
8 85
3 10
3 0
3 66
6 58
2 5
5 29
9 12
6 32
2 2
4 9
3 84
8 4
3 33
1 97
3 37
4 2
2 96
8 42
8 99
6 89
5 74
9 52
4 65
5 44
4 100
5 43
10 18
5 15
8 77
5 74
3 20
6 0
5 51
1 59
6 58
9 60
7 21
2 83
1 71
5 54
1 30
7 57
1 44
9 82
5 73
9 59
7 49
5 74
4 82
8 36
2 11
7 86
10 90
5 7
7 87
6 70
6 23
4 80
7 33
7 14
3 0
9 43
2 40
6 12
6 63
3 20
1 14
10 6
10 49
5 6
2 5
2 85
3 55
6 29
8 82
7 2
10 57
9 58
8 70
10 93
7 41
2 43
2 42
10 17
8 35
4 51
8 13
7 51
4 54
8 54
4 40
7 89
5 25
6 95
9 59
5 87
10 99
2 50
1 47
7 22
1 51
3 89
3 35
4 36
6 60
6 23
8 81
3 14
2 50
6 11
6 12
1 30
5 76
8 99
4 59
3 29
4 15
5 36
9 61
1 73
8 23
8 95
10 96
3 17
10 49
6 46
4 36
2 46
8 76
3 19
5 22
4 15
9 89
7 76
1 15
4 64
9 77
7 16
7 18
6 72
9 16
1 81
3 95
8 66
6 0
9 9
4 90
7 70
7 21
9 40
9 22
7 10
3 39
9 38
8 90
5 91
1 69
7 26
5 22
7 51
1 95
6 56
1 67
10 49
9 98
4 88
9 56
9 65
8 36
4 59
9 69
5 84
1 26
4 27
3 90
6 92
9 83
3 54
8 26
3 4
8 4
8 81
8 43
2 28
7 44
8 45
10 61
1 82
7 27
4 31
4 68
5 8
1 73
6 15
5 90
2 38
7 34
9 5
4 26
1 12
6 72
8 73
2 73
10 60
3 75
1 21
5 87
10 25
6 6
6 10
10 29
7 56
4 42
8 21
9 90
6 68
3 81
4 74
1 77
7 17
8 26
7 23
9 15
6 55
8 77
8 88
1 86
9 96
2 80
3 56
3 78
2 23
4 70
2 87
2 10
3 78
2 52
3 53
7 90
1 59
9 76
6 30
4 41
9 14
7 18
1 64
3 47
2 48
10 97
9 46
10 84
9 75
4 59
1 0
4 92
10 92
8 8
5 51
5 17
3 43
6 71
4 27
3 96
4 18
7 39
2 52
4 97
6 93
4 46
8 92
10 16
1 18
6 70
2 34
10 79
2 5
9 1
7 42
1 15
2 97
6 80
6 85
7 82
2 20
3 96
8 54
5 38
2 89
4 90
3 77
7 31
2 42
8 5
1 69
8 75
7 78
9 54
8 37
3 10
6 78
9 92
2 37
9 99
8 63
5 17
3 28
1 62
2 99
6 57
9 31
5 21
5 87
3 77
2 80
3 37
3 40
8 15
9 4
1 1
1 67
7 19
7 31
4 7
1 30
2 21
8 77
10 67
6 81
6 81
4 74
8 75
6 84
10 65
8 0
4 47
6 74
3 84
1 86
5 80
3 28
1 50
2 17
7 62
2 69
3 78
3 49
9 82
2 76
10 21
4 32
5 44
4 57
7 31
7 29
6 53
6 53
9 38
8 17
4 70
3 74
3 31
9 43
9 6
8 46
8 59
8 98
9 74
1 36
1 96
3 93
2 38
3 92
5 99
9 39
6 50
5 22
9 19
3 16
7 96
5 17
10 45
10 85
10 91
9 28
1 52
1 83
4 1
2 81
1 65
3 12
3 10
6 11
1 20
10 3
7 15
4 41
6 92
4 72
4 36
5 59
10 44
2 24
6 64
4 86
6 63
7 67
3 45
1 54
10 99
3 4
7 43
3 93
5 10
1 15
10 68
3 78
7 89
1 69
7 27
4 84
3 100
5 54
6 11
1 68
9 69
1 34
5 17
8 6
3 3
2 80
6 35
10 55
9 60
8 3
2 9
7 15
5 91
7 15
7 41
5 81
4 51
8 84
5 80
9 78
3 55
8 62
9 77
1 21
7 18
9 81
6 62
7 87
5 54
10 76
1 98
2 87
2 21
9 70
1 77
8 36
5 9
1 40
6 65
6 85
1 14
5 94
3 1
2 94
8 61
4 95
10 91
8 57
7 25
5 45
10 84
6 45
5 50
10 84
8 89
2 81
2 69
6 76
10 49
1 9
7 76
4 72
5 46
7 42
10 16
5 33
4 31
6 88
1 78
6 24
10 68
6 85
7 91
1 21
1 10
8 81
1 83
5 73
3 92
5 72
10 82
9 47
8 49
1 2
4 43
3 91
1 55
8 32
7 14
4 41
2 66
4 92
10 78
9 87
5 100
8 40
1 22
2 17
6 32
8 50
5 74
6 2
2 49
7 100
7 4
3 64
9 49
10 51
5 69
2 64
6 43
2 99
2 48
4 35
9 95
7 64
8 65
10 33
1 38
6 58
3 11
8 37
2 88
10 32
3 42
1 18
4 73
1 27
5 43
1 29
4 100
3 14
7 1
1 17
4 72
6 63
4 73
9 76
2 19
2 5
3 6
4 26
3 20
3 58
10 72
4 44
9 58
3 4
1 53
9 44
7 67
7 44
8 33
4 27
1 52
9 67
7 9
7 29
3 44
7 23
9 73
3 38
9 41
10 83
9 46
7 49
7 56
5 68
9 86
5 69
1 56
10 26
5 51
2 0
10 52
6 40
2 6
4 3
4 87
8 92
4 54
2 42
2 24
3 28
1 99
6 66
8 69
2 13
10 75
8 90
4 64
7 13
4 23
3 52
6 0
1 92
5 98
7 3
8 52
8 3
1 43
2 71
9 82
1 29
9 87
3 8
8 6
1 35
6 42
7 34
9 44
7 30
4 38
2 12
10 77
1 23
9 5
7 69
2 98
9 1
7 17
5 25
8 31
2 37
6 49
4 76
5 24
10 11
8 16
10 78
6 55
2 70
2 85
10 21
3 21
4 76
4 30
6 62
5 50
4 86
3 56
10 74
1 37
1 98
1 6
5 69
4 49
6 14
5 84
9 77
8 87
7 100
3 22
3 41
2 10
6 77
3 27
10 59
10 29
3 55
4 37
7 26
6 6
10 3
10 94
6 47
4 28
9 80
2 46
2 59
4 65
2 53
4 56
9 4
2 47
8 23
10 99
5 92
10 99
7 76
1 73
3 14
8 33
6 76
6 14
4 41
10 86
1 97
6 68
1 35
2 83
4 59
10 9
7 45
7 77
10 99
3 59
9 7
7 75
2 54
7 60
3 86
2 74
8 44
1 62
2 30
3 44
2 93
10 87
9 11
6 97
5 4
6 85
2 17
7 75
10 16
2 79
7 96
9 89
5 86
5 82
8 32
1 35
3 39
8 94
8 100
9 72
9 97
7 63
1 56
1 54
2 56
8 74
1 93
1 98
5 38
10 73
1 62
4 52
4 78
2 99
10 66
5 17
1 11
5 54
7 17
5 31
6 48
9 8
7 17
2 0
10 82
1 2
4 44
8 85
6 2
1 77
9 19
7 56
9 92
1 37
9 79
4 17
1 55
1 32
7 29
6 35
7 65
9 38
8 58
10 53
2 50
2 10
4 79
9 1
1 85
5 47
3 54
1 4
6 94
9 80
4 25
1 65
9 90
4 87
1 83
9 37
1 68
8 0
6 35
8 43
5 26
7 99
10 96
4 39
10 13
1 93
4 48
10 56
2 21
7 74
9 47
5 74
8 36
2 87
5 72
5 51
3 66
9 27
10 32
7 46
5 8
5 78
5 25
7 99
8 23
6 50
3 16
7 49
4 44
1 5
5 83
1 45
4 22
3 9
1 57
10 10
1 70
7 4
10 86
7 91
3 87
8 72
4 65
10 63
7 95
2 42
3 79
8 99
4 15
4 91
9 50
3 31
9 86
2 21
6 30
5 10
1 60
1 54
4 42
8 45
7 6
4 22
5 45
1 31
5 56
3 58
6 63
2 29
7 63
9 94
7 1
4 48
7 72
6 20
1 52
7 15
2 39
8 43
5 44
8 83
1 53
1 91
6 23
7 75
1 56
1 20
8 96
9 35
10 64
9 9
6 84
10 67
5 49
4 4
3 25
7 20
3 12
3 30
9 15
8 7
4 2
10 14
7 18
7 59
10 28
6 89
8 17
4 42
8 30
4 96
5 24
5 8
7 54
3 38
1 97
5 40
4 13
6 55
3 4
6 57
8 65
6 39
8 14
1 80
2 90
2 66
7 45
7 83
5 94
4 83
8 39
9 21
4 16
4 93
1 76
7 60
3 79
9 32
1 79
5 90
8 23
5 87
7 85
6 70
5 49
10 37
6 5
7 72
9 68
1 40
1 14
8 81
9 24
2 40
7 55
10 34
3 87
6 40
2 38
3 28
9 55
9 14
1 94
8 15
4 75
7 78
6 51
4 75
4 17
8 88
3 78
2 26
5 11
2 93
5 97
2 93
9 63
10 35
2 72
2 17
1 14
10 100
7 8
5 13
10 61
1 65
1 56
10 78
3 97
1 87
5 68
10 30
5 60
4 60
6 43
3 30
2 43
1 88
2 52
4 4
4 88
2 59
4 51
6 42
7 33
6 57
5 81
10 16
2 2
1 81
3 16
1 1
4 67
9 58
3 26
4 19
2 85
7 16
5 25
8 8
10 22
5 24
8 83
4 81
4 27
9 65
7 74
8 92
9 90
10 88
10 73
5 19
9 24
3 95
1 39
10 99
6 6
4 56
2 99
6 64
2 63
10 95
1 5
2 58
10 28
7 29
1 6
10 8
6 67
9 83
8 47
8 55
4 48
1 75
2 18
8 79
1 20
1 12
9 92
9 46
5 51
1 75
6 94
10 93
4 90
8 30
6 62
7 49
8 17
2 86
6 6
6 13
6 86
6 89
4 61
10 55
1 24
8 26
7 49
1 16
9 87
3 98
9 45
6 50
6 10
3 43
6 35
2 14
7 28
6 97
5 57
8 43
5 88
5 82
6 94
2 87
6 7
6 9
9 46
9 83
6 48
6 58
8 26
8 7
9 33
8 32
4 1
7 51
3 73
6 50
8 49
10 84
5 52
6 34
7 23
3 95
2 37
9 47
8 64
4 38
6 88
5 76
4 39
3 12
7 94
9 38
1 34
7 43
2 78
9 89
8 18
7 42
8 98
6 16
1 14
1 36
7 49
8 94
9 52
10 95
1 48
2 58
2 44
4 99
1 55
8 3
9 19
1 4
9 82
8 81
2 34
8 1
10 95
6 47
1 66
6 36
6 57
1 42
5 30
3 84
4 2
2 73
9 81
6 74
6 58
1 89
2 56
2 63
5 26
5 48
7 0
10 85
4 10
7 14
7 74
6 20
5 96
6 54
7 42
6 100
8 70
6 12
3 19
2 18
1 4
7 84
5 67
5 60
1 63
5 38
4 76
6 96
9 62
2 78
4 31
7 78
3 83
4 10
4 56
4 27
9 59
2 60
4 22
2 96
3 83
7 48
7 39
8 18
5 50
5 98
3 79
2 21
10 8
3 6
3 18
7 0
2 69
10 9
1 16
7 4
7 83
2 17
6 42
7 63
5 14
3 60
1 77
7 26
2 73
6 4
8 53
2 64
5 44
4 74
1 96
3 47
6 25
8 54
7 22
10 41
7 64
3 44
4 14
2 33
9 37
1 75
8 96
1 1
6 34
10 30
10 25
10 44
1 33
4 66
2 97
1 79
6 30
8 25
7 75
3 43
2 65
5 7
4 49
6 23
6 82
5 74
8 77
10 92
8 34
8 54
2 49
9 73
4 4
5 27
8 11
3 85
7 96
6 54
10 77
7 33
6 49
4 12
8 94
5 98
4 27
7 16
8 54
1 52
7 48
3 38
9 85
6 82
3 62
2 23
4 30
10 54
8 70
6 49
3 90
3 53
5 74
8 60
2 43
1 98
8 7
5 43
10 73
5 71
10 63
1 26
10 15
2 42
4 99
8 2
3 49
10 14
1 27
9 57
9 100
3 13
7 10
5 62
9 6
3 10
3 11
3 32
2 28
1 97
8 45
10 81
4 83
1 77
6 44
7 84
2 4
5 98
6 82
6 63
7 100
1 82
3 68
6 89
7 23
8 27
10 92
3 48
9 48
5 51
1 29
7 53
3 0
3 78
2 60
2 50
3 11
9 42
9 30
3 14
4 46
8 2
10 77
9 1
6 76
1 86
7 91
10 39
3 55
6 82
9 90
4 44
7 30
6 94
6 78
4 79
7 76
7 53
6 64
5 88
1 97
6 45
6 88
8 45
4 46
9 41
5 95
3 10
9 18
3 45
3 62
6 24
1 47
5 35
2 93
5 22
3 75
9 17
1 57
8 97
5 58
6 42
9 85
10 42
6 12
9 94
2 54
8 27
9 65
8 22
3 52
5 48
5 100
1 85
7 86
6 65
7 73
5 18
4 33
3 59
3 61
5 98
3 37
3 34
1 35
1 20
5 10
10 5
5 49
2 68
5 69
2 36
6 67
3 64
4 56
9 95
1 27
5 81
10 97
6 86
5 99
7 78
4 8
1 33
8 9
7 25
4 84
3 100
9 93
7 30
9 61
8 45
10 98
6 54
9 7
6 83
5 1
10 40
1 30
3 67
4 21
3 50
1 34
1 66
2 73
4 85
1 43
6 57
8 30
3 87
6 26
10 22
8 81
4 100
3 1
6 62
9 20
3 60
9 59
9 44
9 76
6 27
6 51
7 37
1 16
2 66
7 85
5 60
10 71
9 58
9 71
4 93
7 78
4 18
5 30
1 55
5 21
4 55
5 76
7 73
9 74
8 44
8 15
5 9
6 17
9 75
8 94
10 53
4 92
1 40
5 29
2 78
3 96
4 50
6 64
1 59
6 66
10 41
3 79
10 34
2 75
6 58
2 80
6 21
2 77
10 33
3 25
5 86
10 86
10 4
9 28
8 58
1 81
8 41
6 2
6 95
3 6
6 39
8 97
8 2
6 32
1 35
7 100
10 59
8 17
1 39
7 93
8 34
10 35
2 28
7 11
6 47
7 30
4 87
3 54
10 33
7 65
7 7
2 44
8 83
10 19
4 38
5 84
6 5
7 76
8 4
6 82
3 26
2 96
8 0
4 39
2 23
5 88
3 52
3 78
6 68
2 8
7 88
4 70
6 47
8 64
10 82
2 71
7 48
7 39
1 20
1 20
2 89
9 68
7 98
8 26
9 58
10 39
4 95
10 12
6 4
1 85
2 37
4 36
1 2
10 79
6 37
5 54
5 41
4 77
5 70
6 74
7 82
2 37
7 38
3 83
4 48
6 14
7 26
3 82
4 24
6 97
1 54
3 59
5 20
6 42
8 36
1 31
8 23
6 57
6 78
9 61
3 71
3 98
1 60
2 1
2 17
5 32
2 66
2 64
2 59
6 86
9 97
9 12
2 96
3 90
10 4
1 8
3 26
1 8
8 71
7 35
6 70
3 69
5 33
9 64
5 25
4 47
6 53
4 20
3 13
6 100
6 57
10 81
10 49
10 88
8 31
2 88
9 82
6 49
6 81
2 91
8 31
8 100
4 37
8 52
7 32
2 7
3 74
6 39
6 57
3 17
9 68
5 58
4 17
8 94
9 51
9 100
2 10
10 100
1 80
3 91
7 77
3 40
10 66
4 99
5 31
2 73
5 10
5 5
3 22
8 83
6 80
3 66
6 17
6 54
2 21
9 84
10 70
6 77
1 12
6 76
5 65
5 64
10 92
8 21
8 36
9 52
8 67
3 25
8 99
2 73
10 37
10 58
8 41
1 95
8 61
10 22
7 28
8 31
8 71
1 67
7 57
5 49
8 78
3 76
9 99
5 59
5 73
4 59
8 17
1 83
5 13
1 63
6 1
9 57
5 100
5 92
3 97
6 36
6 3
3 57
6 81
2 64
5 49
9 22
7 57
5 11
10 35
3 81
8 18
1 0
7 31
5 61
2 43
2 84
1 14
9 45
5 4
5 19
1 93
8 7
7 43
2 57
4 15
5 62
2 17
6 42
4 79
10 35
10 27
9 96
6 88
9 69
7 6
9 82
6 20
9 80
1 32
7 71
1 52
3 70
4 82
7 71
5 37
1 87
7 44
2 21
3 96
4 50
6 63
2 53
1 36
2 89
6 29
4 64
2 47
5 52
5 30
8 58
2 53
9 6
3 78
4 72
7 92
7 26
6 5
8 86
3 12
2 4
2 4
9 63
4 46
10 79
2 38
10 8
8 90
1 30
8 75
7 19
5 18
8 19
1 79
8 99
8 88
7 29
9 88
4 35
4 70
7 55
6 75
7 64
2 83
4 1
9 7
8 23
5 83
2 72
8 83
9 31
5 22
3 30
1 43
4 71
7 11
3 15
8 59
7 75
2 65
1 46
9 28
6 28
2 100
1 78
2 47
3 27
9 97
8 44
5 91
6 25
9 77
8 86
6 23
10 100
2 19
2 23
2 79
10 57
5 39
10 48
4 37
2 51
7 22
3 84
8 79
10 69
10 91
8 81
8 34
4 100
6 15
8 56
1 11
1 88
2 12
4 92
6 86
3 10
2 33
9 85
1 72
2 79
2 60
1 63
5 19
3 70
6 44
4 15
2 18
3 65
2 75
6 44
2 10
3 12
7 56
8 69
10 26
4 100
5 12
8 63
3 58
7 98
2 99
1 1
9 59
7 3
6 76
2 100
6 9
10 91
3 35
9 46
1 77
5 71
5 2
10 47
9 93
5 93
6 53
7 81
7 22
10 12
3 10
10 91
5 7
5 95
10 69
9 11
7 81
9 51
4 78
3 96
3 81
4 2
5 85
10 38
1 65
4 24
2 33
7 72
5 72
1 20
3 47
3 5
10 0
7 51
8 24
7 84
5 73
4 6
7 79
7 45
6 21
10 83
9 76
9 72
2 24
1 58
7 54
7 30
5 98
3 24
8 55
7 4
4 14
1 44
6 89
8 63
7 53
10 80
2 94
6 24
8 36
8 22
10 55
3 64
8 19
5 25
3 69
10 66
6 43
4 4
10 3
9 27
2 67
4 76
9 60
8 24
10 34
9 53
2 59
5 28
2 66
2 68
1 10
7 38
4 56
3 69
4 27
6 49
1 30
10 1
1 94
3 17
1 66
3 37
2 30
10 27
6 53
10 92
3 15
4 78
9 6
3 52
2 78
1 15
6 64
2 56
5 96
8 43
3 36
3 41
2 73
5 42
6 52
1 8
1 1
9 68
1 14
6 5
1 67
9 86
7 12
2 41
9 97
8 31
8 39
8 62
2 2
7 94
2 100
2 51
5 6
1 45
1 8
5 43
8 69
6 4
2 19
8 35
1 80
1 88
9 77
6 43
3 96
1 4
5 64
1 16
8 32
8 30
4 64
6 78
7 52
4 57
10 67
8 5
3 16
6 63
2 91
8 63
5 0
4 5
5 86
5 29
4 49
8 87
4 62
8 32
5 2
5 53
9 29
6 23
5 67
9 69
7 58
2 19
4 79
3 64
9 41
8 66
9 86
4 11
1 71
2 82
2 76
3 20
2 30
3 89
4 65
7 48
7 67
2 5
8 98
6 54
1 61
10 67
7 11
9 15
2 7
6 15
9 13
2 2
3 7
4 83
2 64
10 18
8 62
10 46
6 6
2 85
7 4
2 80
9 87
9 48
8 30
7 64
10 71
1 34
5 96
10 64
3 0
5 87
8 78
4 90
5 1
8 37
5 11
10 32
4 9
1 47
1 68
8 9
10 36
4 16
8 67
2 95
3 22
7 21
3 58
10 3
3 77
4 23
1 55
7 68
5 33
4 45
1 59
8 19
5 25
3 72
1 0
6 29
9 5
1 57
9 99
8 96
8 16
4 10
7 36
6 21
7 100
6 10
8 61
7 73
7 15
4 64
9 50
1 98
6 76
6 68
3 12
8 16
5 17
9 58
5 17
9 22
6 59
7 18
10 50
9 93
9 44
6 41
4 99
3 83
10 97
5 70
1 32
1 33
4 22
5 46
6 43
7 68
4 95
1 91
2 35
7 54
7 11
2 63
8 97
6 29
1 95
7 93
2 53
3 42
10 49
1 6
10 70
6 17
3 85
8 7
2 4
4 39
9 96
8 9
3 83
6 20
8 29
9 7
6 95
8 35
5 21
4 95
9 59
10 9
1 54
2 81
6 8
9 14
2 55
10 71
8 64
7 40
3 48
5 44
3 34
9 12
6 85
1 57
1 62
4 100
6 14
7 69
4 25
9 41
2 26
9 42
5 53
1 98
2 57
10 1
3 90
6 95
1 97
4 21
8 9
9 57
6 62
5 84
5 14
9 56
4 25
7 33
8 65
1 1
3 34
8 49
2 43
1 52
6 3
3 55
7 41
5 82
9 57
8 63
4 18
1 87
10 66
9 99
9 0
1 33
10 87
8 40
8 14
10 37
8 93
2 78
7 81
2 84
6 83
9 9
7 55
1 40
5 61
8 62
9 68
10 86
1 100
4 18
8 50
2 27
1 94
1 49
8 86
7 62
9 80
1 15
2 60
4 48
6 39
1 95
2 79
7 51
1 39
8 9
4 75
6 100
6 31
10 62
3 73
4 32
2 76
8 78
6 55
1 92
7 6
3 11
2 52
10 16
2 42
8 68
8 45
3 36
6 1
8 54
4 15
3 87
9 14
9 59
7 84
10 1
6 49
7 7
9 37
8 26
3 80
6 87
6 62
6 74
4 63
3 90
1 11
8 25
3 11
9 77
1 82
6 86
3 4
7 13
9 95
6 68
7 17
4 11
4 47
3 2
3 63
5 26
6 9
2 87
8 48
5 48
2 100
4 100
8 17
8 19
7 56
5 81
7 98
4 34
10 35
1 34
3 53
7 43
4 93
7 16
1 32
7 9
5 88
10 75
3 88
1 4
6 87
9 72
8 24
1 12
9 88
10 53
8 13
2 33
6 80
9 83
9 62
1 66
7 84
6 24
6 7
4 79
10 69
9 32
6 68
3 24
2 7
4 66
5 91
5 14
9 0
3 57
2 18
6 75
4 64
7 58
1 74
10 35
1 57
2 70
6 47
9 68
2 18
10 75
5 71
8 32
7 14
6 17
2 41
3 6
10 45
7 68
6 26
2 63
4 37
10 63
2 93
2 66
7 21
7 43
4 26
5 65
8 37
6 4
6 25
2 23
8 18
4 6
7 42
1 77
6 85
4 41
5 71
7 19
1 29
10 92
3 48
8 81
10 3
3 76
1 26
4 17
4 91
4 37
9 82
3 32
1 8
3 7
5 86
5 33
2 14
7 28
10 52
3 28
2 52
7 80
8 100
9 100
7 61
7 89
5 48
6 29
9 38
3 33
10 70
3 72
6 30
2 26
3 62
5 16
5 0
2 4
7 36
9 30
8 99
5 23
9 17
9 2
7 17
2 90
5 50
7 45
3 79
2 9
6 27
1 82
5 87
5 49
5 59
6 85
2 58
8 29
2 54
5 76
6 61
4 37
5 15
10 9
2 30
6 23
8 64
5 80
4 24
5 58
7 1
7 98
7 25
8 13
6 30
2 16
10 51
4 83
9 30
1 83
9 22
1 100
2 15
3 55
10 2
10 20
1 64
1 59
8 85
7 25
7 3
4 18
10 83
1 8
10 89
2 47
10 26
4 18
6 53
1 45
1 73
9 66
4 100
6 5
1 28
7 66
7 28
1 78
9 61
5 55
1 33
5 26
3 13
9 58
1 56
9 13
7 95
5 97
10 86
3 43
10 54
7 38
8 86
3 95
10 65
7 90
1 67
2 30
7 15
8 73
1 32
7 39
6 69
4 36
5 7
7 87
4 36
9 53
10 74
9 64
6 84
7 29
10 25
4 5
4 15
1 53
1 48
8 4
3 69
7 85
5 38
6 82
7 32
1 62
4 37
10 33
6 16
5 44
3 23
4 30
1 16
8 75
3 78
3 92
9 22
9 70
1 75
3 4
4 61
3 21
8 39
2 10
10 56
8 28
10 3
2 7
7 96
6 11
6 92
7 70
4 1
9 65
1 34
6 36
3 13
5 10
4 87
10 57
8 46
7 7
9 75
9 17
6 82
5 27
7 15
4 49
2 83
10 86
4 81
9 62
3 32
5 95
10 0
1 25
3 32
9 74
10 71
5 76
4 43
1 17
4 21
3 68
5 57
9 95
6 58
8 12
6 42
4 78
8 15
1 53
10 32
7 82
5 80
6 9
2 51
2 38
2 65
6 60
1 31
6 49
1 95
4 57
7 73
6 54
8 15
2 82
2 11
9 95
7 42
3 35
7 12
10 21
8 96
2 16
7 20
1 69
6 23
7 90
9 68
2 79
7 5
3 3
9 66
9 35
1 99
9 83
7 41
9 75
1 11
7 43
1 99
9 49
3 28
5 46
9 91
6 86
10 5
5 60
2 32
9 60
7 72
6 23
2 12
8 79
6 96
3 38
5 0
10 18
7 97
4 22
9 89
3 17
5 10
10 13
2 59
5 44
4 2
3 19
5 3
4 7
5 75
2 29
4 41
2 28
5 5
10 52
9 89
3 81
1 4
1 31
10 97
2 38
2 71
5 93
4 60
7 5
3 31
10 40
2 78
3 65
1 42
2 62
7 33
6 67
1 99
10 2
3 10
5 21
3 26
4 16
4 36
8 19
4 58
8 88
9 91
2 75
9 34
1 54
8 81
3 59
3 39
3 38
3 67
3 6
2 77
4 95
6 75
8 93
2 71
5 84
7 55
8 35
7 1
2 5
3 77
8 56
10 76
2 29
5 17
1 12
2 91
10 73
7 0
5 71
9 85
2 10
4 25
8 46
2 18
7 79
4 64
10 61
4 64
1 99
4 36
4 61
2 97
4 95
10 38
7 90
4 73
2 100
3 46
2 28
10 8
9 76
6 48
10 11
9 78
8 74
8 72
1 2
3 10
2 87
1 24
4 48
2 21
6 23
3 90
9 74
5 64
1 47
1 95
9 1
8 19
4 3
3 15
7 14
6 43
5 63
9 100
6 68
8 44
6 22
2 100
7 78
6 41
4 98
1 41
4 53
8 52
5 81
8 32
3 49
7 60
4 77
5 51
4 90
10 78
3 12
2 36
10 72
3 98
4 38
4 6
1 51
2 34
1 40
4 92
1 95
10 80
9 54
9 47
8 42
1 22
1 17
2 87
4 78
3 48
10 46
5 4
3 15
3 55
7 15
10 23
6 37
6 12
8 3
5 12
4 59
2 25
8 84
8 76
5 90
1 6
5 3
7 93
3 68
7 93
9 14
7 0
1 53
8 95
5 31
3 30
2 16
9 54
6 82
8 50
6 6
2 6
5 34
5 82
3 27
2 67
3 84
2 15
2 54
2 41
9 6
9 5
2 67
1 34
8 93
5 17
10 39
6 14
4 24
2 40
7 33
8 10
5 58
8 28
4 7
4 48
10 24
1 7
2 5
3 62
2 51
7 3
1 12
6 66
3 67
9 66
3 52
2 7
4 30
2 59
10 95
6 34
3 13
3 52
1 93
4 77
3 15
10 34
6 17
9 24
10 15
5 46
5 69
1 14
8 17
2 69
10 32
6 98
10 9
7 38
10 75
9 64
5 61
5 67
1 41
10 16
10 41
3 84
2 18
5 99
7 49
3 1
1 5
4 80
3 26
2 13
10 86
9 43
5 17
5 76
10 68
8 94
1 0
8 45
9 6
8 47
10 95
2 83
2 86
4 0
8 74
6 34
9 8
6 30
9 84
10 63
9 2
3 7
10 16
10 41
10 82
8 74
8 29
1 41
5 41
2 64
2 74
9 98
9 56
8 66
3 85
6 31
3 4
9 76
5 17
5 20
6 2
6 4
3 51
9 68
7 51
1 94
2 86
5 78
4 5
10 62
8 38
9 94
7 24
1 80
6 17
7 61
6 83
8 83
4 2
8 44
7 78
2 14
8 96
7 61
7 34
6 100
5 75
4 55
5 80
2 5
5 42
9 40
3 92
3 28
3 11
3 10
6 22
9 91
9 50
2 36
6 53
7 99
1 28
7 62
5 79
8 51
3 2
6 62
2 52
2 65
2 4
6 74
7 88
9 57
7 28
2 48
7 8
9 15
10 36
4 57
6 97
2 57
10 20
3 72
6 21
3 89
4 73
2 17
5 84
9 11
1 48
1 73
2 86
9 71
9 59
10 54
8 67
4 60
8 64
10 53
5 14
10 9
10 54
1 40
3 68
9 1
5 36
8 62
10 1
9 76
2 7
6 85
6 71
7 3
1 59
2 34
5 51
4 58
3 26
9 99
2 86
10 48
5 30
9 82
9 4
9 66
8 58
6 62
6 63
6 64
5 8
3 96
9 19
6 85
7 93
8 44
3 8
6 35
3 72
5 32
3 0
1 59
4 30
9 48
4 17
3 80
9 60
6 72
10 35
7 64
6 83
6 12
10 95
9 66
3 99
8 62
3 1
2 48
10 67
2 84
9 18
10 17
10 21
8 14
7 49
9 16
2 22
1 82
3 23
4 31
3 82
5 12
8 71
7 72
10 54
9 19
7 2
7 65
5 90
5 16
9 82
3 48
7 100
1 27
6 31
4 55
1 93
9 46
4 5
6 98
4 60
10 10
8 24
3 92
1 1
3 11
7 81
1 85
2 19
2 6
6 28
10 74
1 29
2 47
10 3
1 93
6 54
8 100
4 89
6 74
4 94
7 32
3 3
1 71
10 0
3 45
2 16
6 78
1 90
5 47
3 89
10 48
4 19
10 74
9 20
8 54
8 63
5 38
2 77
1 35
7 59
1 46
4 14
4 63
7 49
2 3
9 10
7 84
5 32
9 69
10 59
1 92
9 29
6 47
2 27
6 76
7 32
6 3
3 30
5 3
6 25
6 44
7 68
6 1
3 82
2 59
2 1
2 75
1 68
1 83
9 38
4 50
1 62
5 95
2 11
8 20
6 14
5 81
9 69
3 94
2 60
8 59
2 17
2 60
1 46
10 72
1 79
9 42
10 57
10 23
9 44
9 23
2 81
1 86
7 56
7 68
2 17
8 52
7 93
1 18
9 84
8 86
8 29
10 41
2 35
6 49
6 77
2 13
5 94
7 31
4 51
10 42
6 24
2 70
5 41
1 6
4 32
5 62
9 64
9 88
2 44
8 37
8 78
3 4
4 47
7 91
5 34
7 29
3 39
5 32
2 78
7 44
1 16
1 7
10 50
2 20
8 77
7 31
9 96
2 47
1 53
3 12
9 32
5 89
9 44
4 32
10 53
6 4
10 97
7 76
9 70
2 12
6 9
6 60
9 70
4 56
2 5
9 16
8 14
9 96
9 64
2 54
3 10
9 43
4 99
4 57
6 97
2 78
1 83
5 32
6 42
1 30
4 68
2 45
6 100
3 98
9 14
8 70
3 84
7 74
1 52
9 40
9 84
1 89
9 26
5 21
7 97
9 27
3 34
6 21
9 87
5 87
5 6
7 68
9 6
7 8
5 38
9 1
7 47
8 64
9 99
4 5
6 98
8 80
4 66
1 67
1 90
2 47
5 95
2 5
4 78
4 71
7 93
2 5
5 26
7 82
4 18
4 60
1 87
5 16
5 3
6 31
8 4
10 30
2 89
9 87
6 26
2 2
10 34
1 31
10 76
4 0
8 6
4 37
2 82
1 95
8 9
3 73
8 12
2 38
1 62
8 60
10 66
4 5
3 39
4 10
3 16
7 28
4 8
6 62
2 42
2 81
8 29
4 33
10 70
9 67
3 53
8 88
8 98
5 33
8 86
4 26
1 15
6 57
1 23
6 52
10 52
1 19
9 69
2 28
8 31
5 54
5 5
8 95
6 25
4 98
6 88
4 62
3 10
3 35
2 73
2 80
7 91
9 72
6 57
4 97
9 51
2 73
7 32
3 32
1 43
8 23
1 75
5 31
7 25
1 96
10 97
7 89
8 53
7 92
3 99
7 89
1 56
1 7
6 49
5 87
7 35
10 56
3 71
2 46
8 59
8 0
5 86
7 53
7 34
9 27
10 99
10 18
9 40
4 77
4 19
9 76
4 16
4 94
2 3
2 92
8 73
9 48
2 6
5 53
3 82
5 62
4 67
10 23
9 82
7 98
6 76
9 48
3 100
1 6
8 89
2 59
3 15
1 32
8 5
6 44
2 74
4 43
10 37
10 17
9 29
6 32
2 80
7 82
10 47
5 11
4 9
1 80
10 89
10 48
5 12
9 84
2 35
10 75
1 72
5 88
4 6
1 100
3 4
5 87
10 71
1 67
5 4
4 42
3 50
1 62
9 59
5 93
4 0
2 41
4 93
4 100
5 44
7 22
7 91
8 2
2 45
6 92
5 61
9 60
8 40
4 84
9 15
9 74
7 73
5 99
10 53
4 52
4 47
10 57
3 59
1 88
9 61
10 49
10 46
4 25
8 81
10 62
2 95
5 72
4 3
9 18
6 82
4 32
2 22
6 9
7 62
1 14
4 73
3 94
2 67
2 48
2 15
9 98
4 33
2 99
8 75
9 64
9 90
5 10
9 75
3 33
8 83
9 69
1 52
4 11
10 28
9 89
10 76
7 58
4 47
4 40
9 100
7 29
1 75
8 29
8 93
6 18
9 0
6 29
8 30
7 26
9 74
4 43
9 53
5 41
2 62
4 59
6 87
7 76
5 86
2 37
10 26
7 99
1 92
2 52
10 59
3 84
8 92
6 68
2 59
6 78
3 7
7 1
8 4
3 47
10 98
8 92
8 73
6 23
10 58
2 56
8 1
8 58
6 35
3 38
10 97
5 47
4 79
8 49
7 77
6 39
10 67
2 74
10 82
3 19
10 75
9 93
10 85
5 78
3 90
8 90
6 48
10 32
9 18
8 47
9 23
2 66
1 64
7 22
10 45
4 75
2 29
3 18
7 88
8 20
3 36
9 56
2 22
7 21
3 53
7 71
3 9
1 97
9 34
10 72
8 73
1 35
7 15
2 35
5 89
9 6
2 70
6 77
2 43
3 53
1 37
5 48
4 94
5 76
8 52
8 85
1 60
10 61
6 11
5 3
10 28
1 42
7 65
6 71
9 36
6 21
8 6
4 80
4 44
7 22
7 71
1 93
4 79
3 44
4 82
1 75
1 19
1 20
3 20
3 1
1 60
4 9
7 22
3 24
1 73
1 14
6 34
5 47
1 58
2 41
6 33
6 30
9 38
4 29
2 76
4 51
10 43
6 16
10 13
10 47
8 66
8 64
1 49
7 59
4 73
8 56
3 38
9 100
6 64
2 14
10 57
10 24
9 28
8 39
8 6
10 81
5 32
2 68
1 49
9 49
1 2
10 93
9 66
3 100
6 63
4 50
3 87
1 68
9 67
4 19
4 38
6 100
5 53
1 4
7 89
4 57
1 30
8 33
3 68
6 23
3 40
3 49
5 15
10 49
8 20
6 49
9 57
5 93
6 36
1 11
5 88
8 23
10 38
4 26
7 12
2 75
2 65
4 34
10 24
1 79
1 5
8 14
5 8
1 2
5 49
7 72
9 6
9 73
6 47
10 46
8 43
1 79
7 79
1 41
3 24
4 63
7 22
2 10
9 34
8 36
2 69
4 46
2 72
3 46
4 88
6 27
9 86
9 41
2 80
2 63
7 86
9 49
7 27
9 71
1 12
9 15
7 73
8 1
3 29
6 59
6 92
5 72
3 4
5 94
1 58
8 2
9 7
4 16
8 5
7 95
5 88
7 21
2 53
1 88
4 69
7 25
2 77
2 71
9 7
4 57
8 6
6 70
1 85
1 29
5 24
7 15
7 44
4 8
6 75
3 80
5 38
6 44
5 48
9 47
7 90
9 13
9 88
9 95
9 56
1 2
7 87
10 36
9 99
2 49
1 90
5 55
8 3
8 45
4 73
4 19
10 40
10 59
7 42
9 79
6 70
2 82
8 95
2 6
4 59
10 91
1 2
10 87
2 13
2 74
4 91
3 64
7 57
7 83
7 27
1 43
6 62
4 4
1 59
5 50
7 32
7 48
9 29
8 92
1 31
2 98
8 18
4 79
8 91
3 21
6 41
6 96
9 80
9 89
5 99
9 96
2 87
7 80
3 6
5 61
5 4
8 64
4 96
10 61
6 79
10 52
9 70
6 35
1 64
5 8
1 83
1 20
9 21
3 34
10 25
8 18
8 35
6 15
2 58
6 29
5 62
6 70
10 79
2 88
5 87
2 98
4 6
1 51
9 56
9 39
10 54
1 41
8 45
3 14
2 29
5 47
3 38
5 46
2 77
1 49
4 13
7 31
3 68
8 72
6 67
2 19
4 85
3 65
6 33
9 68
5 27
7 13
10 52
1 31
4 18
4 42
10 59
4 43
5 66
6 28
1 12
10 86
4 6
4 68
8 42
8 88
3 3
6 80
5 9
6 82
2 75
1 95
4 27
10 46
1 97
5 22
6 52
8 8
5 41
10 27
5 40
3 29
10 62
1 86
10 19
8 2
6 71
2 58
2 70
7 99
9 58
4 39
6 93
6 83
8 68
9 81
5 66
7 22
7 59
10 32
10 16
6 51
5 81
10 4
5 78
1 6
5 75
7 51
5 87
1 70
1 50
8 93
5 66
4 41
3 36
9 14
8 35
1 33
