10000
3 38
7 56
9 33
1 80
3 85
4 43
1 10
4 69
2 84
3 75
6 72
3 35
6 87
2 89
3 27
4 63
2 73
7 63
2 65
7 61
3 67
6 74
10 60
2 10
2 53
10 12
6 23
5 29
3 23
10 31
5 79
3 88
2 49
8 77
8 9
2 48
8 44
10 98
4 66
2 29
4 28
4 52
4 64
6 31
1 18
8 26
4 52
4 97
3 25
6 60
5 31
2 73
10 80
4 39
3 23
7 41
7 35
1 58
10 41
10 97
4 94
6 60
3 2
7 28
6 41
6 86
6 56
3 56
3 5
7 46
1 90
1 79
5 37
2 73
7 96
1 32
9 11
2 41
9 31
10 53
10 71
9 9
1 66
8 75
5 56
3 14
4 26
3 67
7 13
2 95
9 11
2 22
5 71
7 29
1 16
7 35
8 70
6 82
3 93
3 63
2 27
9 84
6 86
5 100
9 54
10 74
5 1
3 25
1 10
7 33
9 73
3 37
9 26
5 87
6 5
9 25
3 52
1 3
1 82
4 93
6 9
10 88
9 12
10 60
4 0
1 71
7 71
6 79
10 30
9 16
5 38
2 9
8 49
4 36
3 57
5 89
1 30
2 64
5 73
10 44
6 44
8 66
5 43
1 90
10 4
1 3
2 62
9 57
10 53
6 44
6 90
3 21
8 48
4 59
10 44
9 79
8 53
10 41
10 68
9 86
5 35
4 69
2 90
10 21
6 14
8 70
9 58
7 50
5 27
3 29
5 28
4 35
7 78
1 82
2 88
1 93
3 12
7 86
8 65
4 56
4 44
8 39
10 69
3 87
6 95
9 74
8 50
10 43
10 10
10 31
9 61
4 43
3 43
9 10
2 83
1 39
5 69
7 54
2 30
6 20
5 100
4 52
7 18
1 72
1 99
6 14
1 79
3 36
1 32
10 12
1 83
3 43
5 51
4 57
8 97
3 63
3 26
3 99
3 57
6 46
3 45
7 62
4 13
5 88
1 93
6 38
4 10
2 21
5 73
4 54
3 79
8 43
8 46
5 72
5 32
2 9
10 22
3 63
7 51
9 44
7 93
4 16
2 22
8 33
5 47
4 38
9 14
9 68
4 16
1 48
2 16
1 47
1 22
7 20
6 68
2 20
10 37
4 64
3 49
7 96
7 7
10 1
3 11
3 17
5 31
6 52
5 38
7 18
7 65
2 89
2 68
7 64
2 23
6 1
10 49
8 95
10 33
10 11
6 14
10 33
3 37
8 38
8 80
6 86
10 45
2 51
10 60
10 12
9 16
2 1
3 80
8 82
4 82
10 71
3 19
2 60
8 62
5 84
2 2
4 39
10 73
4 81
5 63
6 28
5 8
10 37
4 96
10 1
4 22
3 21
4 87
6 52
4 7
6 59
2 33
4 79
9 80
10 100
3 38
9 85
10 89
7 41
4 51
5 26
3 2
10 28
2 77
3 20
3 76
8 51
10 2
2 27
10 88
6 24
5 23
3 17
6 98
3 42
9 73
4 17
4 1
2 90
4 32
9 91
9 42
3 45
4 47
6 64
6 18
2 47
3 27
5 5
8 79
7 39
9 11
1 66
1 96
7 8
3 82
6 79
10 98
8 19
6 99
4 68
5 64
2 23
2 47
2 71
7 3
5 21
9 78
1 24
9 74
9 34
7 72
9 66
10 20
3 48
6 64
6 64
8 92
6 36
4 65
7 25
3 81
9 22
3 84
8 100
7 35
8 28
2 92
8 8
4 24
10 14
6 29
9 52
7 82
5 56
3 38
6 19
6 14
3 50
1 52
3 92
7 51
1 68
9 8
4 100
4 27
5 80
5 20
6 99
7 65
5 63
9 14
6 71
10 4
2 86
4 54
5 98
4 89
5 93
10 57
9 82
10 49
6 95
10 34
6 93
2 19
7 37
7 86
8 43
6 65
6 6
2 58
5 15
7 60
6 52
10 54
10 50
6 57
3 91
7 12
9 50
6 34
9 0
6 25
7 8
1 47
5 89
8 18
4 29
2 9
2 62
4 76
7 25
7 38
4 44
3 49
2 22
8 15
9 94
2 28
10 36
6 77
3 61
4 62
1 8
4 57
4 17
3 39
1 48
6 5
1 61
6 52
3 40
4 29
2 4
1 44
6 40
7 3
7 20
1 22
7 35
1 77
1 27
9 8
6 10
9 20
10 39
10 8
8 71
3 29
8 73
1 27
8 68
2 30
4 32
9 58
6 14
3 62
7 99
6 3
5 29
1 72
3 23
6 81
10 22
6 63
10 11
8 18
9 35
1 88
3 71
8 97
9 78
6 29
4 52
10 23
10 27
7 14
3 21
7 17
2 38
2 57
1 36
4 65
7 75
2 98
7 13
3 35
3 4
3 73
3 52
1 18
1 51
8 26
5 94
6 4
4 25
9 87
1 65
2 69
9 29
3 73
8 51
3 40
4 38
6 48
6 22
3 38
7 34
8 67
4 48
4 75
8 36
7 23
6 57
7 44
3 87
8 37
5 67
1 39
9 13
3 2
4 68
9 97
3 22
6 73
4 36
9 1
4 19
6 17
4 98
4 68
4 34
1 41
2 18
2 50
7 33
5 21
5 92
2 9
8 74
5 88
3 51
6 34
2 36
5 1
9 78
10 30
7 35
10 18
2 26
7 47
8 79
10 30
10 20
4 20
2 66
9 26
3 7
8 3
1 2
4 82
10 54
10 29
4 60
1 31
2 82
3 39
9 61
10 38
10 36
3 94
9 96
8 41
1 21
5 62
8 94
4 30
2 91
8 95
9 31
5 52
4 28
6 22
8 5
10 70
10 17
9 41
9 46
7 76
7 5
1 39
3 91
2 22
7 54
6 65
3 3
6 41
8 9
1 74
10 16
1 31
1 99
2 37
9 35
5 63
8 55
5 56
5 4
8 11
4 52
3 68
8 43
1 15
2 86
2 34
5 76
4 98
10 18
4 73
3 89
6 60
1 74
8 93
4 96
4 32
5 4
7 43
3 9
10 5
5 6
9 76
6 35
1 56
1 39
10 98
2 71
6 56
4 81
9 98
9 41
10 68
8 29
6 31
4 76
9 93
1 1
1 43
9 36
1 2
6 26
9 20
3 93
4 51
4 18
5 100
8 58
6 97
7 3
8 1
2 69
6 16
5 22
3 49
4 96
3 60
8 54
5 12
5 61
7 77
8 90
10 96
9 37
10 25
5 4
9 89
4 18
2 54
5 17
5 82
5 81
10 22
2 6
10 12
9 42
1 37
2 3
7 84
7 5
7 34
4 84
1 98
5 85
8 24
3 12
6 77
6 43
3 97
10 82
3 22
3 9
1 59
9 9
9 82
1 78
5 6
5 47
1 69
10 95
2 63
5 87
3 90
7 86
5 99
2 86
8 49
1 39
10 65
2 97
10 21
5 73
2 24
9 63
8 21
10 27
8 21
6 69
7 20
4 28
8 22
9 17
2 63
8 87
2 7
7 74
4 42
5 58
6 92
4 80
3 4
7 42
3 0
4 88
7 8
7 9
1 57
6 1
2 99
1 67
8 66
2 32
7 99
4 28
10 30
1 16
5 98
4 19
1 51
1 8
1 24
8 47
2 32
9 100
2 53
9 58
4 79
4 19
1 36
5 44
2 96
1 57
1 17
4 77
7 63
4 25
4 31
5 21
4 0
5 82
10 29
8 25
2 100
5 77
7 17
8 35
9 85
1 76
7 90
6 80
2 13
7 94
5 29
6 41
1 89
8 6
7 9
10 21
4 44
8 36
9 5
3 17
9 84
9 92
1 30
8 92
6 56
7 34
6 95
4 47
1 13
7 30
8 56
3 21
5 37
6 35
3 17
10 64
2 19
9 18
9 24
2 39
5 34
9 50
3 73
9 5
1 66
3 81
2 99
10 46
6 69
2 48
1 27
3 63
2 99
6 100
8 92
10 40
10 44
4 14
5 81
1 72
7 77
8 36
8 62
8 35
6 28
5 73
7 3
4 93
2 6
7 2
5 95
4 28
10 94
9 30
5 38
6 47
7 13
5 28
10 31
9 89
10 29
4 46
5 80
4 47
8 1
3 53
5 38
8 11
5 60
7 49
4 33
3 100
9 59
3 40
8 23
4 45
8 0
5 16
3 58
3 99
8 18
6 74
6 46
4 2
4 71
4 82
9 66
5 14
4 79
3 2
10 11
8 85
3 45
5 56
7 94
9 24
1 3
3 26
5 1
2 18
5 19
1 16
5 4
1 39
8 84
8 100
10 37
5 44
5 38
9 78
8 83
5 14
10 1
9 43
4 69
2 35
5 79
6 54
2 12
6 35
4 41
10 31
8 64
9 50
8 86
7 3
6 91
5 1
6 43
1 83
3 23
7 42
6 20
2 43
6 48
7 60
2 79
1 87
7 52
3 92
10 18
1 0
9 14
5 34
5 18
9 100
7 76
4 62
1 75
8 33
9 5
2 47
5 82
6 9
7 34
7 63
5 26
10 23
1 59
9 81
1 23
6 32
7 2
3 3
3 40
8 74
7 64
2 41
9 90
6 69
9 1
1 76
9 82
6 49
7 87
10 75
6 73
9 61
10 93
7 91
4 47
6 62
6 69
1 24
2 74
8 56
4 48
6 69
5 51
6 8
1 46
3 96
9 43
5 63
4 87
2 29
10 20
2 92
1 15
10 17
7 64
4 40
2 63
6 61
1 94
1 92
6 97
1 78
8 90
2 3
10 10
5 50
10 42
8 38
5 83
1 45
6 93
4 57
4 81
6 74
10 25
10 39
9 2
4 54
3 12
3 22
8 58
1 53
1 67
5 99
3 96
3 21
10 22
1 91
1 43
2 70
4 51
9 31
2 46
8 4
3 47
7 94
2 71
5 12
9 23
5 16
9 51
8 86
8 59
2 22
5 10
3 32
8 52
9 60
3 30
5 21
3 13
1 22
9 64
4 58
2 38
7 1
6 80
7 0
10 57
1 85
2 53
7 27
9 19
4 46
6 49
3 69
10 18
10 12
8 88
3 0
1 37
8 52
5 3
8 77
4 12
7 83
4 11
6 43
8 8
8 41
4 92
8 19
10 91
2 88
4 40
8 76
6 52
7 37
10 47
9 78
10 43
10 64
4 83
3 55
1 22
6 89
1 65
2 84
6 69
10 34
3 92
7 90
5 38
4 58
3 77
3 48
4 22
8 18
9 60
8 99
7 97
3 26
4 83
2 24
7 56
5 39
10 74
1 13
7 65
1 66
10 63
1 14
1 44
7 25
1 42
6 12
1 80
8 30
4 51
8 11
7 62
5 65
9 17
3 54
10 93
2 83
3 67
8 98
6 19
6 29
9 2
2 9
7 55
3 15
4 75
3 8
3 64
10 89
3 8
7 83
4 16
10 50
10 22
9 74
10 36
1 38
7 21
3 42
3 18
6 6
3 10
1 92
5 39
10 22
7 99
7 89
7 71
6 21
1 0
1 92
3 75
2 16
7 59
4 36
2 54
4 64
5 45
9 81
4 39
2 67
10 87
2 6
3 16
6 90
5 79
6 85
1 36
6 2
4 86
3 52
8 63
7 72
4 9
6 4
3 74
5 35
1 85
8 15
6 25
10 54
7 59
7 93
10 25
3 79
7 15
3 30
8 94
1 25
6 93
10 33
5 21
2 77
2 3
8 13
7 58
2 10
1 95
1 71
2 88
2 10
1 90
2 3
3 65
8 79
8 27
3 49
2 70
3 100
8 46
8 60
1 29
5 100
2 4
2 93
9 39
6 74
3 4
6 66
6 88
5 98
9 50
8 5
1 9
5 68
5 94
2 54
8 61
8 90
6 86
5 88
6 7
1 77
3 24
6 35
4 33
1 69
4 20
5 97
9 23
8 28
10 69
1 55
8 75
7 12
3 26
5 46
2 96
4 2
7 76
4 79
7 72
3 58
4 46
1 32
2 30
7 42
2 57
7 63
1 100
9 71
1 54
8 73
8 83
7 83
10 93
10 2
10 53
4 74
3 55
10 47
1 5
10 60
4 33
8 61
9 44
2 52
6 74
9 82
10 78
3 20
1 20
2 21
9 55
2 48
4 9
1 22
2 71
8 26
10 54
4 60
10 34
7 10
5 90
5 53
7 6
4 14
6 55
4 54
4 0
4 51
6 64
10 92
2 22
5 99
1 79
7 3
4 29
10 24
8 54
2 84
9 99
6 48
3 64
6 78
3 61
3 78
10 97
9 11
3 78
9 43
1 91
5 40
9 45
3 31
5 3
3 4
5 15
1 88
4 83
6 53
10 9
6 82
3 0
8 53
1 64
1 98
8 39
5 17
6 89
9 61
3 66
5 28
6 24
2 51
10 54
6 51
3 65
3 97
6 66
6 49
6 58
9 35
3 78
3 28
10 42
9 71
4 10
7 93
1 77
10 88
4 80
3 20
2 47
2 90
10 47
8 100
7 21
8 95
2 32
3 24
4 23
3 13
6 47
8 13
1 59
10 9
7 26
1 41
2 28
10 62
9 69
4 15
1 27
6 6
9 66
4 58
10 11
7 18
9 53
7 95
4 42
7 66
3 25
8 42
5 52
3 23
4 59
2 64
6 32
8 85
7 8
6 94
8 46
5 99
3 30
4 14
6 34
4 83
2 74
6 47
9 42
10 36
5 5
2 13
8 68
4 77
10 90
9 50
1 99
5 6
7 50
1 85
8 95
10 85
3 98
1 36
8 5
4 7
3 71
6 34
5 22
6 71
1 82
3 38
1 41
3 49
7 91
7 21
10 38
4 7
6 84
3 90
2 60
6 91
3 40
4 24
5 66
1 90
7 19
4 97
9 49
6 71
10 0
2 15
8 88
9 40
8 7
9 51
8 44
2 25
5 5
10 72
7 91
2 97
9 27
1 46
1 96
8 43
2 24
5 15
9 83
1 36
1 2
3 10
6 5
7 75
5 66
10 34
3 83
8 1
7 61
7 34
10 6
2 72
6 22
7 61
10 41
8 21
5 8
4 67
3 49
1 9
4 94
4 2
4 37
8 57
7 25
6 90
2 67
2 40
1 23
4 13
4 98
9 8
3 37
1 23
6 67
2 97
2 38
10 87
1 15
7 0
7 47
6 3
7 72
5 91
8 71
7 15
9 14
7 17
9 79
5 75
6 1
1 11
1 44
5 61
10 86
2 13
9 53
3 59
10 54
1 69
5 4
4 14
4 33
2 46
8 92
7 49
9 38
4 19
10 100
2 42
6 93
6 32
5 54
1 7
5 69
3 56
3 35
5 80
6 23
6 0
7 90
10 18
5 85
9 57
10 16
7 87
6 85
5 97
9 91
3 23
7 31
10 60
7 3
10 97
5 89
1 0
4 97
8 18
3 39
10 44
9 91
2 84
6 50
10 27
8 17
4 40
7 71
1 38
6 91
7 67
10 50
9 55
5 16
1 25
5 28
6 35
9 5
4 60
3 98
7 61
7 69
2 4
10 100
3 42
5 24
5 52
10 94
1 97
9 13
9 24
6 76
10 91
4 3
9 0
4 28
1 36
7 98
10 98
3 79
3 81
4 93
6 90
4 21
4 27
10 15
7 38
6 36
2 55
8 67
2 36
4 3
5 25
6 77
9 99
7 6
8 43
5 49
1 65
6 24
1 4
3 49
1 92
3 3
8 77
9 51
2 11
9 95
3 22
8 84
2 66
2 28
3 63
4 45
3 29
9 61
9 100
3 10
4 89
6 63
2 85
3 59
7 29
5 79
6 61
6 77
1 34
2 37
9 34
10 100
10 74
4 27
9 13
2 47
8 41
10 40
1 50
10 73
5 32
3 17
2 39
8 17
10 84
2 35
4 98
3 21
1 87
6 1
8 38
4 52
5 51
4 45
6 3
1 46
4 37
4 98
8 27
5 44
1 88
4 47
4 3
9 48
2 85
8 41
6 54
7 68
5 67
5 26
2 5
7 49
10 81
9 88
7 45
8 34
10 24
6 0
1 38
1 36
6 17
2 84
3 81
6 41
10 74
8 72
8 35
7 80
1 79
9 64
2 62
6 53
3 57
7 58
3 47
2 38
5 75
3 38
8 4
6 95
2 21
10 58
7 46
4 16
9 24
10 49
8 21
1 2
6 30
6 48
3 10
5 51
7 42
1 69
9 96
3 84
1 48
3 72
3 21
8 32
5 60
9 30
8 80
1 91
9 54
5 15
4 8
7 47
1 36
2 58
5 26
7 6
6 93
5 40
2 45
10 62
2 59
2 69
3 22
6 21
8 97
6 77
10 67
6 68
8 6
4 2
10 69
4 54
4 5
2 21
8 63
6 22
3 19
4 51
5 78
5 80
2 89
5 33
6 37
7 74
10 47
7 4
4 35
6 62
8 91
9 15
6 95
4 42
7 73
9 93
8 32
7 56
3 81
8 51
4 32
7 87
10 11
9 63
4 84
8 49
2 81
2 4
6 98
2 1
2 10
10 81
10 29
4 0
9 85
9 66
9 79
7 18
6 77
5 75
8 96
3 4
10 17
1 64
2 8
2 38
9 70
6 61
4 18
1 41
7 59
3 76
9 24
8 18
8 37
7 95
4 45
10 34
2 72
4 76
3 48
8 36
2 43
8 33
8 50
9 73
9 59
3 45
6 13
4 89
3 14
9 91
9 27
7 77
3 18
8 76
4 56
10 87
5 55
10 61
2 52
3 11
7 17
2 94
1 36
5 59
6 4
8 73
2 78
9 49
7 19
3 96
10 3
4 96
6 75
1 58
10 7
3 27
1 22
2 14
7 40
6 71
10 67
3 74
9 46
4 55
4 27
6 81
3 69
6 97
10 88
2 5
5 67
6 81
9 30
10 39
5 38
9 60
7 23
8 39
2 75
1 43
6 14
5 72
8 2
10 67
2 90
6 12
9 20
5 5
7 50
10 19
3 75
4 94
2 39
2 21
5 69
9 46
8 90
9 86
5 95
2 13
5 11
7 83
1 10
6 73
5 16
3 70
4 78
1 17
9 26
5 54
2 32
1 31
8 10
8 40
2 3
2 75
5 52
4 40
1 42
6 48
1 36
3 93
3 27
4 23
9 64
7 63
2 21
1 55
10 71
3 19
6 93
7 13
1 19
9 51
1 72
4 87
8 85
5 76
7 28
7 72
1 7
9 65
9 33
10 50
10 28
5 67
5 1
8 76
5 99
10 96
1 27
1 9
4 7
7 28
1 18
7 43
9 25
8 73
3 94
7 73
4 12
6 96
3 30
4 96
10 76
6 32
7 20
1 98
9 47
1 65
6 93
6 9
2 5
1 11
4 50
9 31
5 100
6 22
8 96
9 69
10 6
9 38
10 8
9 87
1 53
10 60
2 65
9 27
6 7
8 39
7 69
4 64
8 33
2 45
6 86
7 24
9 96
2 93
9 81
5 17
8 24
9 2
1 68
5 77
7 71
2 46
7 67
5 13
1 8
9 83
6 50
5 17
9 33
5 75
7 7
3 81
6 79
10 24
2 73
9 0
7 28
4 5
4 74
2 97
1 89
4 46
3 99
9 48
3 56
7 71
1 63
4 2
3 31
2 75
4 13
7 69
2 47
6 9
10 15
8 52
3 6
8 79
8 45
3 60
10 7
4 5
1 34
4 34
7 16
1 73
9 25
8 7
9 92
9 94
1 13
9 75
7 14
6 56
9 76
8 19
7 34
10 44
8 44
5 54
9 30
4 13
3 82
9 87
3 69
10 0
7 94
7 5
6 37
4 48
7 62
10 13
8 60
3 68
4 77
5 47
5 19
4 44
1 61
6 11
2 19
3 34
9 70
2 81
6 65
9 16
6 62
5 58
6 54
5 73
9 93
8 1
8 62
10 24
10 46
8 89
9 44
4 16
5 50
9 88
8 69
5 89
6 51
10 60
2 43
4 27
9 30
10 86
1 55
5 1
6 17
8 74
6 18
7 21
5 32
10 40
9 49
6 40
6 7
3 4
6 78
10 12
3 3
4 63
1 85
2 76
10 86
8 93
3 44
6 41
2 3
1 63
1 72
1 5
4 29
6 3
6 94
2 35
2 4
6 50
1 63
5 11
1 32
9 67
7 19
5 12
7 48
1 73
10 37
3 66
7 62
10 14
9 92
8 21
10 42
1 31
1 88
8 26
5 67
9 56
2 31
10 34
9 99
4 42
3 59
1 19
8 44
3 51
7 41
10 73
7 49
6 56
7 81
7 15
2 3
10 12
3 29
6 29
1 77
5 44
4 14
5 0
1 25
10 63
10 25
5 96
8 47
2 2
7 84
2 51
1 82
5 91
10 5
10 27
1 70
6 44
10 49
9 38
5 74
1 85
8 15
4 32
4 55
6 36
3 82
10 58
6 24
2 15
4 70
5 63
7 47
9 42
3 46
6 45
5 9
9 21
3 95
10 83
1 85
9 59
8 38
4 79
10 55
1 76
4 6
9 9
10 55
3 95
7 9
8 81
2 62
10 81
4 18
9 41
9 46
1 0
5 88
2 60
1 7
8 90
3 18
8 92
5 35
6 96
9 82
10 32
8 22
2 33
1 54
6 45
4 53
6 43
2 69
2 8
3 38
5 42
7 27
9 86
7 21
8 19
7 16
5 59
6 85
7 4
8 61
10 28
8 2
7 2
4 66
3 58
8 69
8 37
10 58
3 79
8 35
10 30
3 11
1 24
4 22
3 6
4 31
10 8
10 94
2 59
5 62
6 56
4 24
3 17
10 10
4 20
1 56
7 91
1 5
8 92
7 77
9 76
6 70
5 42
8 27
5 71
2 79
7 53
6 66
4 71
1 92
1 59
10 91
1 96
6 63
6 99
1 81
9 7
8 2
8 48
7 82
8 59
6 69
8 84
1 69
9 24
4 29
9 41
4 77
1 65
1 65
6 25
4 25
5 44
2 97
1 13
7 72
7 83
2 31
6 5
1 59
7 45
5 28
1 5
10 96
3 23
2 61
8 57
3 50
8 88
6 64
2 40
6 60
7 44
8 83
9 40
6 21
10 21
2 36
2 89
5 83
3 24
1 70
7 83
2 3
4 79
6 46
4 59
1 12
1 39
4 9
10 38
8 68
9 50
4 33
5 65
5 34
2 99
9 23
1 12
3 95
10 29
2 24
2 35
2 4
8 55
2 96
6 99
10 80
6 96
2 52
9 66
7 72
4 55
1 28
10 78
7 54
8 87
8 7
9 0
3 91
4 71
3 15
4 74
3 33
10 83
6 69
9 88
7 35
8 79
7 22
3 96
4 1
7 70
8 75
1 54
8 41
7 1
9 27
9 59
4 4
2 91
7 43
8 51
4 22
5 46
3 15
9 72
8 79
9 73
2 79
6 45
8 53
6 28
4 66
8 7
5 19
10 44
2 92
3 0
10 77
1 49
6 50
7 88
9 33
2 33
1 4
7 92
1 11
10 36
10 17
5 84
7 81
6 49
1 24
3 48
6 47
8 17
7 84
9 29
5 15
5 82
9 83
8 19
1 49
6 61
5 41
6 93
2 85
6 47
1 41
9 26
1 84
3 14
10 72
6 22
5 60
9 89
5 86
6 70
5 67
9 75
4 98
7 11
1 67
6 48
10 44
10 51
4 100
8 92
8 98
8 70
8 86
9 11
5 97
10 6
8 39
8 99
2 2
8 63
2 85
9 38
4 73
8 61
9 82
4 57
9 57
3 19
10 94
5 58
5 15
5 56
2 7
8 5
8 28
1 34
6 48
7 3
1 10
9 21
8 18
2 16
10 38
2 70
9 94
9 72
6 22
2 33
10 59
4 8
3 98
5 65
3 81
2 52
4 61
1 76
9 63
4 78
3 64
9 35
10 43
9 85
7 57
5 10
10 98
3 84
7 44
6 61
1 30
7 45
4 22
3 71
6 72
4 92
3 57
8 88
4 77
2 33
6 29
4 66
9 50
3 65
2 4
5 2
7 62
2 98
8 31
6 90
7 83
10 59
3 61
10 99
5 48
3 41
7 65
10 41
4 59
4 99
10 76
10 49
9 11
6 33
9 9
9 61
10 51
5 28
6 98
9 32
8 39
8 10
7 89
6 84
9 90
9 21
1 85
10 35
2 41
9 79
3 84
6 43
10 1
3 69
9 85
4 59
7 0
4 1
3 27
9 55
9 25
10 20
5 60
4 61
6 32
1 0
3 48
7 14
3 39
8 79
10 51
8 21
2 68
8 14
9 0
8 39
1 8
8 16
3 83
4 98
7 1
3 46
1 1
2 14
2 68
5 24
6 35
1 32
2 63
5 45
10 89
10 64
5 92
10 43
8 100
7 42
6 22
9 56
9 91
2 7
2 96
2 40
5 86
4 37
4 40
8 68
6 44
9 79
10 33
3 28
4 77
8 98
9 17
4 60
7 76
8 48
5 30
10 4
10 30
4 8
8 65
7 82
4 75
7 53
10 12
5 85
3 55
4 75
4 1
1 28
3 3
7 8
6 40
10 39
10 70
3 40
9 20
5 79
5 8
5 59
5 75
2 83
1 20
4 23
2 59
3 78
3 84
7 70
7 81
4 69
9 0
3 85
4 92
4 78
3 28
6 72
5 21
8 52
3 17
10 34
6 20
4 1
6 78
4 26
9 88
6 57
2 47
3 53
3 10
9 98
9 35
2 6
5 61
8 60
2 60
10 31
9 5
7 67
10 44
2 66
5 20
4 31
4 0
5 0
2 60
7 85
2 75
10 85
6 80
6 66
8 64
8 3
6 65
1 4
7 30
4 19
3 18
10 69
5 94
2 54
1 45
3 97
1 66
9 53
4 70
7 67
7 43
7 95
2 90
10 39
9 8
7 97
9 39
9 43
1 11
5 95
3 52
5 49
8 70
7 45
10 34
8 79
6 36
7 14
7 16
7 90
1 99
5 10
3 47
9 51
2 30
3 33
6 81
5 97
1 55
4 96
1 45
9 82
8 15
4 13
3 85
10 75
2 22
8 54
3 82
6 57
1 41
6 65
1 58
6 98
8 47
4 25
8 52
2 75
2 34
9 59
5 84
7 58
3 87
5 22
5 76
6 79
3 27
9 15
4 59
4 64
2 21
8 30
1 10
5 22
4 13
6 29
6 61
10 63
8 7
10 64
1 11
8 30
9 80
9 5
2 9
6 5
5 28
4 73
7 96
9 62
3 16
9 32
3 5
2 25
10 63
2 50
1 58
5 88
1 13
10 48
4 86
2 46
2 80
9 52
1 47
6 57
2 27
2 93
8 5
1 94
9 10
4 11
4 77
10 59
7 59
8 90
2 78
3 55
4 45
5 69
2 31
8 64
2 4
10 71
4 57
6 79
7 28
6 56
9 41
3 45
1 9
3 34
3 82
10 24
2 21
2 65
4 55
9 65
10 1
2 80
3 55
3 41
8 60
9 48
9 27
10 1
1 44
3 35
5 47
6 88
10 15
3 63
1 76
10 58
7 30
7 25
10 58
1 0
2 26
10 52
8 93
10 75
2 2
7 15
8 24
9 59
2 19
1 24
10 35
3 1
5 46
8 33
8 88
10 8
6 75
4 28
6 33
4 40
5 27
3 33
10 5
5 78
9 85
2 20
2 98
6 21
1 74
5 73
4 58
9 8
3 96
10 30
10 16
6 88
9 36
4 82
2 6
6 74
7 70
5 84
6 34
6 89
1 3
2 61
10 52
7 49
6 92
4 11
2 12
2 83
3 65
1 0
7 17
3 94
7 57
5 93
1 97
5 52
8 39
6 47
4 22
8 10
6 24
1 5
3 49
2 54
2 19
10 42
10 88
6 56
4 1
9 54
4 4
7 43
8 70
4 44
2 9
6 20
3 19
3 21
9 80
1 99
4 98
4 5
2 25
7 64
1 4
3 5
3 7
4 85
7 10
5 51
1 18
7 95
9 46
10 14
5 78
3 45
7 99
7 9
5 93
4 11
6 45
6 58
5 46
6 60
3 52
7 81
3 18
4 66
9 46
8 46
9 17
10 7
4 8
7 98
9 89
2 66
4 28
10 10
9 26
3 54
7 36
7 1
4 48
2 13
1 12
2 18
10 59
9 51
10 7
3 20
2 17
3 74
6 54
9 74
10 72
1 81
7 62
7 64
3 76
8 88
10 65
3 97
2 30
5 11
4 79
9 35
8 85
2 44
8 96
8 75
6 87
7 60
5 29
2 69
4 31
10 16
7 38
6 68
3 55
1 37
7 74
3 57
3 2
2 86
10 50
7 71
5 70
2 81
10 13
8 18
2 42
1 34
2 92
1 12
7 59
6 10
8 94
4 92
9 52
4 22
5 75
7 99
10 94
8 78
5 48
3 67
9 61
6 60
9 66
5 35
8 91
8 50
10 74
9 72
1 29
1 33
10 27
5 7
4 48
7 56
7 91
1 68
4 24
9 18
8 18
3 81
5 39
1 45
6 63
3 26
4 32
2 70
7 83
10 81
5 60
10 75
8 23
9 75
2 3
2 100
3 59
2 19
4 54
6 22
4 20
6 26
1 32
4 76
3 33
10 39
5 20
9 45
6 17
3 7
7 53
2 46
4 48
1 67
8 89
5 79
3 4
5 52
8 23
4 95
5 39
7 44
6 81
10 69
7 97
7 76
1 10
1 23
4 19
4 43
8 32
5 75
3 58
4 12
2 26
2 27
7 24
8 34
5 53
7 72
4 5
1 73
3 79
2 28
7 0
4 57
8 21
5 43
7 56
5 78
9 50
2 38
10 57
10 33
5 38
7 29
2 51
8 94
1 10
2 44
1 8
5 87
9 81
6 52
4 1
4 77
8 78
5 96
3 99
10 29
4 82
8 0
4 0
3 94
6 55
1 42
10 44
7 53
3 99
10 73
3 75
8 56
8 11
10 48
1 42
3 98
8 76
6 40
4 20
4 41
7 1
2 5
6 75
7 84
5 82
3 19
10 95
2 3
4 42
2 95
3 11
9 33
3 86
4 4
2 51
3 52
1 73
8 25
3 72
10 46
5 2
7 31
7 94
4 55
10 22
9 23
4 27
6 48
8 49
1 52
1 22
7 66
5 49
10 35
1 89
3 30
10 58
6 78
2 55
6 9
5 48
7 78
1 8
3 24
3 22
9 44
1 30
3 32
4 42
4 50
6 84
5 3
9 11
4 28
4 54
5 80
10 50
6 93
5 82
6 56
3 43
7 79
1 0
10 60
1 90
3 7
2 27
3 93
4 87
9 40
10 20
1 38
6 45
2 65
2 75
1 33
2 51
7 5
7 1
5 49
9 49
9 11
7 44
2 27
8 69
8 18
9 52
6 24
6 62
1 66
2 2
2 61
3 14
8 41
7 76
7 22
4 8
4 61
7 6
4 49
5 100
4 92
2 35
8 70
4 85
9 92
7 63
7 21
4 41
8 21
9 48
4 82
9 48
4 67
8 99
1 96
9 54
5 21
5 14
2 6
10 63
8 47
8 20
8 62
9 1
5 93
7 100
3 35
3 4
7 65
6 86
10 85
3 72
8 41
7 61
4 61
7 62
9 2
8 71
5 14
6 85
2 6
7 48
9 15
6 15
3 70
8 37
1 69
6 6
4 33
4 10
5 70
9 18
5 45
9 16
5 44
1 27
9 83
2 2
6 32
5 12
8 2
9 37
5 75
6 17
7 40
9 9
4 57
6 24
9 70
2 33
2 21
8 50
9 70
3 16
5 90
5 49
5 4
7 82
10 21
2 74
5 84
6 11
2 30
8 14
3 11
6 74
1 38
9 85
1 0
10 59
1 100
5 89
7 7
5 72
1 29
8 83
5 72
10 100
2 21
5 97
8 40
6 48
7 70
6 78
7 52
5 21
9 26
3 74
8 92
6 45
7 55
7 29
8 25
10 60
6 83
7 19
7 82
2 100
6 54
6 23
3 7
4 81
9 49
3 59
4 11
9 2
10 44
7 34
3 92
6 3
10 56
10 20
10 8
2 96
5 35
4 53
8 29
9 31
10 48
3 98
6 42
6 59
1 37
10 0
2 5
7 20
4 45
1 6
3 2
9 50
10 85
2 8
8 92
2 60
8 17
9 3
9 1
4 62
4 67
8 44
3 29
10 97
7 53
4 6
8 94
7 59
7 100
6 75
9 12
3 94
3 86
5 45
3 96
3 3
8 89
10 10
2 31
1 81
10 1
10 90
2 29
2 1
10 12
2 59
6 63
3 72
6 24
5 78
10 23
7 89
2 75
6 94
6 82
10 96
3 14
1 10
9 95
2 71
4 51
3 17
3 9
2 1
3 5
7 87
5 84
5 58
4 23
9 55
7 100
6 72
9 15
2 51
9 66
8 87
4 28
8 88
7 40
6 84
5 94
8 11
4 74
9 64
2 59
1 52
9 60
7 12
1 45
10 53
3 93
4 97
10 11
1 55
3 44
4 95
3 68
9 8
1 78
2 8
5 38
2 76
8 98
1 50
2 95
6 81
3 54
10 69
8 69
5 74
10 50
2 3
2 4
2 3
8 36
4 63
1 36
1 65
9 66
10 30
1 74
9 98
2 74
9 38
2 68
3 77
3 11
10 68
10 98
9 86
4 68
2 15
1 92
6 83
10 8
4 95
8 56
1 94
10 85
9 37
7 33
9 87
2 62
2 3
4 4
3 12
10 27
9 31
5 82
2 59
3 89
6 9
2 1
10 19
9 70
5 83
10 55
5 25
9 26
9 44
6 2
6 34
1 62
1 33
6 16
4 56
9 4
7 50
2 70
9 91
1 26
2 53
7 22
8 94
9 93
2 40
4 98
4 62
3 32
8 67
2 69
5 32
1 77
1 11
8 60
10 26
1 33
9 33
2 20
5 93
7 29
7 85
8 76
8 57
7 67
3 1
2 54
1 68
1 86
10 20
5 32
6 11
9 94
3 19
1 89
10 53
10 13
1 95
6 98
5 18
7 94
7 83
7 55
4 39
6 53
9 81
2 88
6 35
6 5
6 51
10 67
2 52
10 95
2 4
6 77
10 99
5 89
7 53
9 98
10 88
8 8
7 60
7 88
2 21
8 88
2 59
2 67
5 57
4 75
9 88
2 34
1 79
5 52
1 1
5 82
1 60
6 25
2 42
6 63
5 5
3 55
3 92
6 72
2 0
7 25
10 76
2 66
6 10
3 44
9 0
4 18
7 16
6 6
2 21
4 96
9 44
10 72
6 56
1 6
8 6
2 65
2 87
6 83
1 96
3 5
7 77
4 7
4 15
3 15
9 17
7 76
10 49
1 13
1 16
3 10
3 2
8 30
6 87
5 4
6 64
6 85
2 23
6 84
10 99
3 9
9 3
8 88
7 80
4 7
6 45
8 95
2 82
9 92
10 36
2 57
4 36
1 73
6 73
3 59
8 38
8 100
7 11
1 3
6 92
3 24
2 81
4 41
10 6
2 3
5 84
8 80
6 60
7 31
10 23
5 99
7 18
1 73
10 1
6 71
10 93
1 23
4 38
1 17
2 37
7 29
9 34
6 63
2 91
8 79
8 72
3 62
2 74
6 38
3 99
6 14
9 80
5 22
7 15
3 22
2 70
4 74
2 29
5 53
8 11
8 100
2 42
9 81
6 48
10 11
2 75
9 74
6 17
10 83
3 38
6 20
9 33
3 97
10 31
7 85
2 27
7 57
8 49
1 78
3 35
7 96
4 52
5 41
2 57
9 35
2 27
2 27
10 61
2 6
2 96
4 15
9 26
7 14
10 66
6 48
9 20
2 2
7 73
10 39
8 31
6 38
2 74
3 81
4 18
9 47
5 73
10 100
5 11
4 68
9 99
10 13
5 78
1 20
4 23
9 57
6 78
9 7
7 72
1 32
1 60
3 93
9 46
4 84
8 65
2 13
2 16
4 74
10 87
7 88
9 45
3 12
6 69
3 97
4 37
7 80
6 57
4 63
3 4
3 0
10 84
10 79
3 62
3 28
4 26
10 35
10 58
1 6
1 100
2 59
7 15
3 1
5 70
2 4
9 81
3 91
6 5
7 79
1 79
2 11
4 31
3 21
7 16
6 22
9 26
6 26
3 14
6 55
9 23
1 4
1 87
2 57
5 97
3 34
7 94
2 74
3 93
1 0
2 15
8 78
7 25
3 80
5 10
6 64
10 59
4 53
10 92
8 77
2 14
5 1
8 37
10 9
4 43
2 60
10 99
6 95
5 73
9 61
8 20
3 47
5 28
2 52
4 74
5 9
7 79
6 92
2 7
5 82
4 99
1 49
9 43
9 54
4 5
1 15
4 22
5 81
6 71
5 76
7 10
4 86
7 92
4 42
10 67
2 64
9 96
1 83
6 93
4 12
4 25
1 100
7 62
8 23
2 49
6 38
8 93
9 98
2 22
4 52
4 54
4 0
8 21
7 32
8 55
3 51
1 0
10 83
7 86
10 76
5 78
9 37
4 64
10 46
8 42
1 49
2 36
1 46
8 10
1 66
1 28
4 85
2 42
2 32
9 89
10 65
10 70
10 24
3 94
6 88
7 88
4 44
7 28
4 26
8 69
1 88
2 71
2 14
5 78
5 83
8 51
9 10
3 56
6 80
3 79
4 42
3 2
8 89
1 60
6 28
2 57
9 46
8 90
4 89
4 93
1 60
2 1
6 59
10 25
6 96
2 54
3 93
7 53
8 35
10 66
7 4
3 9
10 31
7 27
2 13
7 76
6 95
1 6
1 35
10 42
10 40
3 83
10 9
6 44
9 39
7 15
3 29
6 24
1 95
6 82
6 26
10 100
2 28
1 29
6 76
10 53
9 69
8 53
3 69
7 13
4 94
8 46
8 21
5 83
4 26
6 26
9 15
6 56
5 34
9 57
1 57
4 34
7 9
9 34
5 42
3 30
3 44
7 17
10 53
9 15
4 37
8 86
2 30
4 46
9 75
1 5
1 99
8 46
4 18
5 58
5 97
4 66
3 51
5 82
5 51
2 90
9 3
4 14
7 34
9 86
7 59
2 92
6 16
5 22
6 1
1 14
1 19
8 52
9 96
1 15
9 18
3 35
2 7
5 40
2 32
10 54
1 81
8 21
6 4
5 41
3 24
2 87
3 53
3 24
7 88
10 18
9 47
6 87
8 25
8 95
4 86
1 9
9 0
9 70
1 28
1 49
4 9
1 33
3 22
10 74
1 43
1 80
5 28
8 57
10 46
5 56
3 87
9 17
3 36
8 59
9 53
1 59
1 19
8 18
5 94
1 52
4 25
9 74
9 49
8 86
6 86
5 42
4 80
9 52
4 74
9 24
6 90
5 31
1 56
4 29
10 94
10 65
2 56
5 95
8 96
10 48
8 20
2 36
8 30
8 52
8 7
4 25
10 4
10 61
4 52
3 16
5 63
4 49
7 73
6 20
4 52
8 44
5 49
5 18
7 58
8 55
6 37
3 66
7 25
6 58
3 2
3 13
6 6
6 26
4 26
1 11
9 23
7 80
7 11
9 52
1 75
10 17
5 19
8 6
8 62
6 77
3 88
3 79
6 70
9 4
1 25
5 46
9 16
4 6
1 30
3 44
8 99
3 86
3 36
1 51
5 53
10 43
6 99
9 81
10 32
10 65
10 2
5 51
1 43
1 81
6 36
3 65
10 93
2 12
9 35
6 11
10 12
9 7
5 37
3 12
8 2
10 67
4 63
3 35
10 81
5 25
10 71
3 80
4 33
2 93
10 16
10 84
2 42
2 90
6 86
10 29
6 29
8 33
3 7
10 60
8 39
6 53
6 53
5 41
5 35
8 48
2 45
2 92
3 84
6 57
6 28
10 93
3 61
8 53
9 8
3 18
5 31
6 68
1 78
9 98
5 97
6 34
8 16
4 32
7 69
6 42
10 30
6 13
7 76
10 82
4 38
2 66
2 71
8 0
4 80
6 51
4 66
2 71
10 73
6 76
4 34
7 56
6 100
9 51
1 19
9 15
2 84
7 76
6 51
9 72
10 92
8 99
4 0
4 91
7 80
8 58
6 99
3 100
8 65
10 74
7 5
5 9
6 30
4 3
7 0
2 100
3 30
7 41
7 28
2 47
7 40
7 41
6 95
6 71
8 30
6 99
8 96
2 68
8 7
4 23
6 69
6 16
4 36
1 69
8 68
10 62
9 64
10 7
9 0
8 77
6 7
3 92
1 54
10 93
3 54
9 70
2 66
2 62
4 85
6 37
10 26
9 59
1 52
7 98
10 82
3 10
1 82
10 75
1 2
9 14
9 54
1 57
3 33
5 85
8 87
9 81
8 86
6 56
3 25
4 86
4 98
3 80
4 24
10 31
3 7
3 81
2 35
1 50
7 13
4 76
8 99
2 96
8 8
5 21
6 17
2 87
10 44
9 29
5 54
9 52
7 37
8 91
6 55
8 71
9 9
1 43
8 56
4 95
2 59
3 66
4 11
4 85
4 64
2 91
2 49
3 85
10 9
5 98
3 61
2 61
4 36
6 52
9 73
2 97
6 30
9 94
10 4
1 44
10 34
8 22
8 100
6 54
7 6
3 45
10 41
1 40
7 41
4 48
8 2
5 31
8 13
9 76
4 82
8 60
8 80
5 82
9 97
2 35
9 23
1 26
6 39
2 22
7 58
10 44
4 39
8 36
4 23
3 26
9 27
8 54
3 35
7 78
2 28
6 29
3 24
7 50
4 22
2 88
7 69
1 61
4 7
10 57
2 60
1 31
6 55
6 18
4 53
1 7
8 29
4 68
4 97
10 73
5 8
9 63
2 63
1 52
7 88
8 34
8 73
6 14
9 92
3 33
6 45
1 30
6 7
6 32
7 53
6 72
5 83
9 30
9 78
7 85
4 77
8 31
7 27
8 25
4 21
9 89
3 55
6 37
4 75
7 81
5 64
2 88
2 1
10 35
8 22
3 87
6 81
10 3
3 10
2 8
1 85
7 85
5 85
5 42
3 85
3 91
6 76
2 87
6 31
8 72
6 10
8 71
1 54
7 14
8 96
8 72
6 30
1 27
4 73
5 86
8 5
7 50
2 86
7 18
10 11
6 82
1 71
8 86
10 1
10 97
7 33
6 9
3 18
6 76
7 60
10 74
3 68
9 1
10 98
3 87
8 74
10 83
1 81
2 94
7 44
7 49
7 40
7 69
9 5
5 36
1 80
2 91
5 69
4 38
6 68
6 99
7 90
4 26
10 59
2 41
10 46
9 54
4 92
10 72
4 7
8 30
3 99
2 60
3 13
6 35
5 10
4 73
5 3
7 20
7 73
5 87
1 54
10 51
3 64
6 65
8 77
5 59
9 56
10 8
6 75
4 13
10 57
9 23
8 4
3 84
5 34
5 13
5 28
8 31
8 28
6 78
4 38
8 12
5 74
6 12
2 15
1 69
9 62
7 89
7 79
7 92
4 34
2 12
8 28
5 82
10 59
5 15
8 11
1 31
1 1
10 95
10 12
6 69
6 49
7 72
9 72
10 14
4 58
6 40
6 47
8 0
9 34
4 48
10 80
5 91
6 80
8 18
2 90
5 23
9 12
4 77
9 66
1 8
10 9
8 76
2 26
8 84
8 24
7 69
1 51
9 90
8 76
9 94
9 16
4 70
4 7
4 98
10 5
3 3
3 80
4 77
2 60
9 79
4 50
9 11
9 76
7 42
1 24
6 53
8 54
5 0
10 13
2 88
8 84
2 3
5 13
6 31
10 73
2 15
7 31
6 14
3 73
5 54
3 6
5 94
3 18
6 59
7 56
10 71
4 8
3 43
5 63
10 44
10 91
9 11
4 21
7 75
5 32
6 80
9 12
10 30
1 98
7 94
8 90
6 12
5 90
10 32
9 100
2 1
3 0
4 68
6 57
3 36
3 89
4 100
4 100
10 15
8 59
9 83
8 69
7 16
1 66
3 23
3 59
3 21
5 50
3 61
9 11
4 95
9 25
4 59
5 77
1 23
10 41
9 49
9 12
9 8
8 50
8 64
7 23
2 76
8 46
9 60
2 86
5 74
10 35
1 68
7 41
5 9
7 61
1 15
4 99
1 98
1 36
7 40
6 45
2 43
6 16
5 18
5 64
10 98
5 37
1 86
9 9
5 22
10 21
3 62
5 100
5 85
3 95
5 2
2 73
7 54
5 9
10 86
3 70
9 91
3 65
8 47
8 66
1 4
3 23
7 54
9 82
2 100
10 79
1 67
2 99
10 11
8 8
8 40
9 21
5 87
1 52
5 77
8 24
4 19
9 42
2 57
2 76
6 11
8 32
1 84
6 2
6 90
9 56
7 52
2 1
9 65
2 37
3 48
4 69
1 49
5 2
4 83
10 95
8 31
1 35
4 68
3 20
6 48
2 26
3 42
8 84
9 99
2 58
4 100
5 7
1 65
2 43
9 0
3 56
5 18
2 10
8 70
2 72
1 8
7 99
1 33
5 39
8 44
2 92
2 7
8 3
10 46
8 66
1 33
5 71
5 94
3 52
7 48
7 97
10 94
7 7
5 79
9 47
8 80
8 12
7 91
1 64
3 79
4 37
1 97
6 69
6 96
8 18
4 96
1 53
4 41
10 93
4 40
1 62
7 50
3 13
9 36
4 5
1 94
5 100
5 27
4 76
7 73
10 32
10 88
1 34
7 71
5 90
5 5
4 51
10 89
8 72
3 63
5 23
4 95
8 51
5 60
2 36
6 0
8 13
7 17
2 82
9 25
5 6
8 98
3 66
10 1
9 37
7 54
3 11
10 66
10 78
10 77
6 46
8 16
5 50
9 58
3 17
8 59
2 69
10 44
1 1
10 82
9 26
10 6
6 62
4 36
6 69
10 42
2 96
4 78
5 78
1 4
6 36
4 9
8 61
3 23
4 91
9 76
2 16
6 9
3 48
1 60
3 49
8 89
4 45
7 33
3 8
9 77
4 69
4 73
2 87
6 82
4 55
9 74
4 81
10 55
7 14
1 23
2 33
3 41
3 20
4 49
2 35
1 8
2 94
7 67
9 24
2 37
6 25
9 33
9 38
10 35
1 40
7 35
9 96
7 59
8 37
4 44
2 71
9 99
4 21
6 16
1 54
5 73
3 36
1 89
7 1
6 96
3 76
1 78
2 63
1 49
5 41
10 57
2 44
9 79
5 62
6 71
10 81
7 46
3 27
7 53
5 70
1 95
5 29
9 64
9 77
5 1
6 67
5 83
1 29
10 74
4 59
9 88
1 98
4 87
2 79
5 3
6 79
2 31
6 91
9 67
8 23
5 68
2 100
4 72
9 82
1 15
2 75
10 84
2 99
7 94
7 26
8 63
10 46
2 33
9 95
5 84
2 7
5 14
5 96
8 81
1 23
5 82
4 16
2 38
10 14
9 74
1 65
4 7
10 20
10 20
1 93
1 48
8 86
1 40
8 18
4 76
8 61
3 35
4 80
10 60
8 97
10 71
8 86
9 17
7 14
6 24
8 41
5 50
1 40
6 51
5 57
7 18
9 53
2 23
8 50
1 20
2 19
4 6
3 15
1 79
9 2
9 10
5 30
2 7
8 28
8 98
9 42
3 100
5 35
5 100
9 86
2 75
5 78
4 66
4 1
8 71
8 10
3 86
5 21
5 56
4 46
2 60
6 94
9 11
5 72
6 64
1 49
5 9
1 14
5 72
5 0
4 69
10 30
10 22
2 80
2 3
6 94
4 76
3 27
7 77
5 81
1 33
3 10
6 15
4 53
9 45
1 97
1 62
4 25
8 85
6 49
10 74
4 83
7 0
1 19
4 71
10 46
9 64
7 74
10 91
8 82
8 23
3 35
8 43
3 47
10 18
8 69
9 21
5 63
3 33
1 33
9 63
7 32
7 61
6 59
3 94
6 56
2 91
5 41
5 51
8 25
6 80
10 46
7 1
5 32
4 14
3 88
9 90
10 21
9 21
6 9
1 65
1 23
5 47
10 80
5 80
9 90
3 55
3 90
10 69
2 32
6 79
5 58
7 22
6 88
1 58
8 46
5 92
3 67
9 89
7 12
5 1
2 49
4 47
1 6
7 30
2 26
7 17
3 98
10 69
5 54
3 23
6 15
6 61
7 19
2 46
3 96
5 59
7 22
2 10
10 53
8 74
5 52
7 59
6 39
7 89
3 52
5 99
10 57
6 21
1 46
8 13
6 6
3 91
4 0
10 96
4 3
5 23
6 89
3 70
2 84
3 34
4 27
8 15
2 3
3 70
6 69
2 87
3 91
3 69
7 83
1 81
7 73
10 81
10 77
4 87
2 52
1 45
5 12
7 62
10 83
4 37
3 23
6 74
4 33
5 91
3 24
4 36
8 13
7 31
10 94
4 59
9 79
7 99
6 38
3 41
1 25
4 32
3 38
2 43
9 20
8 41
10 96
10 86
3 76
6 28
10 6
4 24
6 37
9 1
4 26
5 80
6 43
9 27
2 33
3 90
4 92
8 92
5 97
4 23
3 95
4 79
2 79
6 24
1 71
2 60
10 37
9 77
8 29
8 33
6 15
7 2
3 6
1 79
6 69
6 15
5 28
6 52
6 22
7 1
9 60
7 9
3 77
7 80
6 66
9 42
7 78
9 2
10 90
5 17
6 37
4 38
5 57
6 25
5 80
2 70
1 40
1 61
10 47
7 72
5 92
8 68
2 33
8 68
7 79
4 85
5 97
3 35
7 69
8 68
7 3
4 93
1 26
4 6
5 24
9 52
5 21
4 19
5 49
3 16
1 88
10 46
1 81
9 76
6 22
5 14
10 98
7 37
5 80
5 82
7 66
9 77
4 45
1 82
9 82
1 43
6 45
1 98
4 54
10 14
7 37
8 15
4 93
8 57
5 66
8 46
6 20
6 51
7 92
1 57
8 10
7 98
7 6
1 57
7 86
6 50
1 2
5 74
6 23
3 78
6 0
9 86
3 35
5 45
5 32
5 60
7 10
2 32
9 61
9 19
7 7
1 90
5 69
3 5
8 33
6 27
2 45
5 0
5 63
7 40
3 0
6 12
2 3
7 77
9 68
5 67
1 51
1 95
5 3
7 88
1 46
5 57
9 3
9 23
6 64
4 29
7 0
5 21
3 93
6 17
7 17
3 71
5 86
6 69
3 59
10 46
2 39
8 57
1 58
7 55
4 12
5 86
9 71
4 63
10 5
1 69
10 90
1 21
2 65
2 80
9 46
3 69
4 95
9 63
5 96
1 47
6 72
3 11
2 4
7 36
5 57
2 11
1 9
7 25
5 73
3 36
5 96
1 92
9 34
7 83
10 57
6 9
8 45
9 100
3 85
9 54
9 5
2 12
5 40
2 12
1 90
4 49
8 60
7 12
9 29
3 0
3 19
9 42
10 49
9 38
6 17
7 3
9 46
2 76
3 26
5 11
10 17
9 66
1 32
7 83
7 36
2 32
4 34
3 60
4 63
1 7
3 58
5 46
10 74
2 65
5 78
5 46
10 34
1 2
3 4
3 90
6 22
4 40
3 3
8 52
6 35
1 16
4 46
6 97
4 15
4 63
6 81
3 69
9 89
1 57
5 54
3 42
9 20
8 22
3 31
8 21
9 18
7 45
5 1
4 51
7 4
1 53
6 55
4 17
9 37
3 30
3 63
1 51
10 6
2 43
2 54
7 68
5 3
6 84
10 93
1 15
10 73
1 70
8 55
7 64
9 57
5 5
2 60
3 53
5 23
8 99
1 72
7 2
1 16
8 99
10 80
4 76
5 86
2 3
2 21
2 66
1 91
3 89
5 82
1 61
9 82
9 35
10 72
9 63
10 50
8 39
9 82
3 23
5 94
3 57
2 26
5 99
7 70
6 52
6 94
10 81
4 15
6 89
1 86
7 99
10 55
7 52
10 23
7 75
10 3
10 66
6 62
6 7
4 89
2 71
10 63
9 95
9 93
1 49
8 95
1 75
8 22
9 2
9 58
1 59
6 30
8 95
2 3
9 34
4 16
10 42
7 45
9 56
2 31
3 17
6 39
5 4
1 55
3 8
6 5
7 28
5 42
10 1
10 0
7 12
4 51
7 16
9 33
8 17
8 60
6 16
3 85
7 57
4 67
6 48
7 36
6 57
6 89
8 26
2 53
4 36
6 98
8 73
5 34
9 56
8 4
1 86
5 40
5 39
3 98
4 0
4 82
6 79
6 70
3 82
6 81
10 78
7 6
7 85
7 1
3 96
9 11
2 41
6 36
5 54
9 15
4 67
9 5
3 67
9 90
6 94
4 99
9 100
3 93
2 85
4 39
5 83
5 22
8 33
10 18
3 39
10 35
6 0
10 40
10 62
6 84
3 7
8 89
7 79
4 36
2 35
5 17
9 87
8 82
8 22
6 14
3 88
2 83
2 36
3 22
8 75
5 40
4 92
6 60
1 41
5 70
5 51
3 49
1 54
2 54
2 71
1 37
1 24
3 12
1 97
2 43
4 92
2 78
1 22
8 11
7 72
6 80
9 95
9 68
3 86
1 30
7 25
10 55
6 81
6 88
5 43
8 41
5 34
1 1
10 18
7 41
8 87
5 2
3 75
1 96
5 20
3 36
4 61
2 15
3 53
2 63
3 39
9 87
7 33
2 18
8 70
9 89
9 70
10 31
3 32
2 5
4 30
3 75
2 29
1 0
2 92
10 5
3 14
9 44
8 98
1 40
10 15
8 60
4 85
5 26
9 30
4 32
4 97
8 6
3 87
7 99
7 60
10 63
4 65
3 17
10 35
5 88
4 53
7 93
2 77
6 11
10 42
1 12
4 13
5 79
5 67
5 40
9 79
4 67
3 58
2 33
9 39
3 34
9 61
8 20
1 65
10 53
9 0
3 62
2 89
3 92
6 40
6 20
6 30
5 34
3 89
7 29
1 16
6 14
8 68
8 38
1 92
3 36
1 42
8 1
4 64
7 60
4 62
9 90
9 98
8 97
7 46
2 35
10 20
10 35
1 72
1 20
7 89
9 31
4 93
1 9
10 68
3 21
7 77
10 20
6 32
5 4
4 41
2 56
6 93
10 87
1 87
8 85
7 55
7 10
1 76
5 97
10 7
6 51
6 44
9 38
2 75
1 84
3 34
6 91
9 68
10 36
1 7
4 18
4 54
3 34
7 32
10 96
10 35
5 60
2 13
10 40
10 18
5 10
2 29
10 35
5 94
4 89
4 26
1 24
8 76
7 63
1 3
7 90
10 39
2 11
5 29
7 20
3 93
3 55
3 72
10 99
4 100
9 62
1 0
8 75
8 87
4 37
7 64
5 84
2 78
1 14
2 8
4 60
9 85
3 36
7 54
7 64
6 66
4 24
2 67
7 28
4 54
10 27
9 63
5 73
8 75
4 32
3 92
10 56
6 2
5 66
10 61
6 41
10 77
2 15
8 82
2 65
5 48
6 75
2 51
5 44
4 89
3 94
1 26
6 93
4 88
10 93
5 38
4 77
6 21
1 35
4 74
6 38
4 21
5 61
7 80
1 8
10 35
10 57
9 98
2 20
7 64
8 77
4 17
1 90
5 85
8 69
3 9
7 11
6 72
3 98
7 29
10 54
6 78
9 81
3 46
4 41
10 87
10 23
6 99
10 64
6 67
8 28
10 84
3 84
3 87
1 58
3 89
3 9
4 46
1 32
6 45
4 31
9 19
8 90
9 29
5 46
9 0
3 45
2 94
8 72
3 77
6 57
1 9
4 53
3 28
2 18
10 15
10 21
8 40
9 10
3 3
8 20
2 56
9 22
3 71
6 91
2 6
4 14
3 98
10 49
7 79
8 8
4 46
8 33
2 8
7 28
9 65
6 44
8 36
9 99
3 49
6 50
10 35
8 1
5 39
3 62
10 64
4 91
9 99
2 88
5 32
10 74
1 74
6 50
2 26
10 43
3 81
6 1
8 16
7 1
9 65
7 100
3 81
6 3
3 68
8 67
4 22
10 21
10 43
6 22
7 39
4 99
7 16
7 69
9 58
3 69
1 30
3 8
7 62
10 81
5 5
4 42
7 86
6 59
7 60
10 82
2 36
7 64
1 43
9 87
3 40
5 12
7 94
3 83
1 32
6 3
8 83
3 30
9 20
2 13
9 84
4 30
6 79
9 32
6 75
9 10
10 56
10 25
4 88
10 47
5 91
5 94
4 19
8 32
8 64
5 16
5 78
6 96
7 19
7 57
8 27
4 42
6 12
10 58
10 39
4 25
2 36
3 21
4 30
6 47
2 34
4 34
7 61
9 27
1 98
7 48
1 86
10 57
6 19
8 39
4 29
1 39
6 87
5 55
10 4
8 76
7 84
8 28
3 3
10 87
2 2
3 100
6 91
10 59
8 28
10 93
3 38
1 85
10 80
5 96
3 63
7 62
4 61
4 7
6 59
7 6
2 27
10 89
5 49
4 90
1 13
3 56
7 76
10 82
9 15
2 2
1 16
6 31
6 55
6 11
1 78
10 86
6 55
5 8
10 94
9 60
6 50
6 90
2 80
1 37
9 42
8 19
9 91
6 98
7 71
5 99
8 94
5 91
1 41
7 58
1 3
1 85
7 80
2 46
7 90
4 96
10 12
9 74
8 92
4 1
6 3
1 11
9 31
7 41
4 30
1 49
6 20
5 65
10 59
1 22
6 22
3 78
3 34
3 16
4 39
10 50
9 68
9 69
1 87
10 82
6 94
4 53
5 1
10 92
9 69
2 48
4 88
1 6
8 95
4 55
9 86
7 31
10 21
3 38
4 71
9 37
1 42
8 6
8 7
8 66
8 52
2 92
1 11
4 63
3 0
4 32
9 18
6 43
4 53
3 11
10 93
2 58
10 7
1 16
2 35
5 98
1 42
10 75
3 71
1 94
2 21
10 72
1 55
5 61
4 62
9 50
8 40
5 28
9 90
5 29
8 14
3 16
3 28
7 10
7 57
4 84
9 40
9 26
1 30
1 26
8 64
10 49
5 63
3 46
7 83
6 10
10 94
9 31
8 76
10 9
9 36
2 57
5 93
4 62
8 26
10 36
9 94
9 65
5 31
6 72
8 83
6 85
3 15
5 62
10 32
10 85
9 13
2 8
10 34
10 52
4 65
5 19
6 60
1 65
7 66
2 70
9 51
10 32
3 79
3 13
5 35
6 37
5 68
9 34
2 63
10 55
1 51
7 88
3 60
8 34
7 2
3 46
7 42
4 7
6 20
9 46
7 94
7 12
1 4
8 33
3 49
6 95
3 20
5 36
2 23
8 79
4 21
3 65
8 70
7 82
2 19
4 26
6 99
6 74
3 91
1 88
9 39
10 70
10 61
7 100
5 24
4 97
7 90
4 100
2 71
7 94
2 78
9 27
8 23
9 78
3 39
6 28
1 76
2 99
5 55
3 95
8 58
5 97
1 11
8 76
5 30
4 16
1 71
9 61
6 84
5 98
4 66
2 52
5 80
2 50
9 24
10 27
10 82
10 81
9 9
3 8
6 67
1 42
6 30
10 15
7 71
3 58
10 67
3 80
5 15
4 89
4 68
2 66
7 34
8 49
10 63
9 98
7 24
7 89
8 6
3 54
8 39
6 7
5 51
1 96
4 79
1 81
8 34
8 98
9 17
2 96
4 48
9 15
2 9
10 62
4 14
6 51
8 31
5 4
9 98
9 99
5 92
9 97
2 91
2 54
3 74
6 57
3 70
9 70
1 88
4 49
4 22
8 34
4 15
10 6
5 46
6 23
1 14
5 58
7 81
9 68
2 53
6 11
2 59
6 80
10 43
3 44
3 80
5 36
6 93
6 51
2 68
5 78
1 64
1 64
1 21
1 48
4 72
8 93
3 14
5 56
9 78
7 3
9 14
5 82
3 48
10 90
1 80
7 7
6 42
3 31
9 74
5 81
2 64
10 88
6 42
2 11
4 14
7 80
10 2
6 13
2 93
10 3
6 14
6 11
7 57
1 23
5 44
4 71
10 90
2 28
3 78
5 56
5 7
7 0
8 1
10 3
5 79
9 61
6 97
7 53
5 46
10 23
8 11
7 23
10 8
7 10
3 97
10 44
4 6
8 74
5 2
6 2
5 73
7 10
3 51
5 20
9 8
8 38
3 5
7 47
2 73
6 87
3 11
5 50
7 66
9 97
2 59
4 13
3 3
1 17
1 84
9 90
8 75
9 64
10 87
1 38
8 10
7 14
1 67
2 99
9 39
10 76
3 32
6 95
6 36
6 65
6 62
2 51
2 87
1 99
8 29
7 67
3 64
1 80
5 70
2 48
7 10
10 49
7 1
10 38
6 41
1 34
10 58
10 32
1 59
7 31
4 78
4 43
3 7
4 1
5 50
10 43
5 23
8 55
6 31
6 75
2 63
4 12
8 52
4 42
4 85
8 13
8 50
6 62
2 91
5 49
5 85
8 92
8 71
4 74
8 15
1 4
7 86
7 52
3 9
8 75
2 65
2 58
3 14
4 6
1 3
3 97
6 76
3 77
9 26
6 89
8 4
4 53
3 39
4 34
10 11
4 84
8 18
4 74
4 54
3 65
10 79
9 95
9 50
2 62
6 57
7 4
3 23
3 41
7 74
3 98
1 86
5 4
4 28
8 14
6 22
3 13
6 28
9 6
10 22
6 36
8 69
3 86
10 34
3 19
10 49
3 13
9 36
4 1
6 98
10 11
6 60
2 74
4 24
5 65
5 47
5 69
4 42
4 100
5 11
2 48
10 42
7 79
7 96
4 20
10 66
8 37
2 1
6 31
1 46
10 90
8 72
5 92
10 90
2 21
8 83
2 84
3 85
7 92
1 29
1 89
9 25
3 68
3 84
6 74
4 85
1 17
5 92
1 40
2 100
6 53
7 40
9 67
6 30
10 93
6 66
3 16
8 37
10 11
6 46
1 66
7 99
7 32
9 65
1 38
9 34
5 28
3 51
4 96
3 56
9 47
5 47
7 79
3 55
1 90
8 14
4 5
6 34
4 4
2 75
7 30
1 95
1 7
3 68
7 32
4 46
9 32
2 9
4 93
7 53
6 26
3 60
3 16
2 68
8 0
9 24
8 47
9 65
2 81
4 26
5 73
8 28
2 77
9 0
6 41
2 64
7 40
3 45
6 3
1 15
10 45
2 61
1 31
6 44
7 29
9 45
4 22
9 48
9 37
10 71
9 11
1 7
2 90
3 71
9 27
6 78
9 25
8 31
5 37
10 88
5 79
3 21
7 11
7 91
10 96
8 82
1 40
10 79
3 59
7 20
10 38
7 16
10 33
3 22
3 14
3 88
2 13
4 87
2 14
8 68
8 64
10 77
6 17
5 48
1 71
1 62
7 82
3 67
5 19
4 38
3 67
3 35
5 80
8 10
7 52
7 37
6 8
1 57
7 39
9 97
4 36
6 9
5 41
4 21
5 40
6 42
2 29
4 46
5 43
4 21
6 73
3 63
7 60
8 41
1 72
4 55
2 93
5 89
3 52
6 97
1 57
7 75
2 96
9 30
4 32
6 5
5 9
7 47
5 71
6 88
6 15
2 10
10 0
9 34
8 93
8 21
10 40
10 14
5 67
8 31
8 31
6 28
3 57
10 31
1 96
5 20
8 62
2 26
2 85
6 12
6 21
5 91
3 64
10 22
6 100
4 38
7 14
1 81
3 36
9 99
2 22
8 92
6 1
5 38
10 3
5 9
10 89
4 47
10 75
8 48
9 61
8 42
7 54
1 5
10 26
2 53
5 57
1 4
7 0
6 18
7 6
6 31
8 97
4 41
8 63
7 14
1 82
5 5
8 13
4 97
8 95
6 99
8 54
6 99
9 45
7 21
8 85
3 93
6 62
2 82
6 97
6 42
2 97
2 93
8 34
8 99
1 83
9 56
6 96
3 73
7 93
1 46
3 79
7 13
7 84
4 74
3 61
8 70
1 72
10 68
10 99
6 53
1 82
7 62
5 72
3 55
7 58
9 2
9 20
1 86
2 1
7 96
10 68
7 67
3 48
4 6
2 98
9 72
4 61
4 24
3 72
6 78
1 57
8 47
1 6
4 78
6 77
3 22
2 43
4 12
5 73
3 13
9 19
1 77
3 25
5 65
4 28
4 19
6 0
1 49
6 84
4 72
10 46
6 10
7 53
5 2
8 93
1 93
5 23
5 74
1 84
1 48
10 69
2 55
8 81
6 74
1 2
9 69
4 16
4 10
2 53
5 23
2 73
5 59
10 18
9 8
4 36
7 18
10 92
9 34
10 29
5 37
4 7
6 65
3 44
9 18
10 88
8 54
3 52
8 62
4 6
5 40
2 86
6 55
5 100
5 22
10 34
5 45
2 35
10 38
6 36
9 79
2 67
8 10
2 4
7 7
8 79
3 46
7 32
8 98
3 25
8 97
7 92
10 5
2 49
2 56
8 98
8 60
2 51
2 42
3 34
4 89
4 82
6 88
2 41
5 29
10 59
4 47
5 65
4 78
8 49
8 45
9 57
3 16
10 75
10 75
7 25
4 42
9 82
9 79
9 36
4 15
3 64
9 28
6 60
9 86
6 2
4 66
3 94
6 79
7 52
8 50
4 21
7 71
1 2
4 1
10 16
7 94
4 97
2 23
6 69
6 69
1 36
8 53
5 57
4 22
8 75
4 3
9 69
9 46
2 93
2 54
2 68
5 15
6 33
1 45
8 71
9 47
6 98
6 54
4 19
6 68
4 12
2 44
4 28
3 71
7 69
5 28
4 57
9 60
3 27
10 50
9 85
7 96
7 35
5 24
3 25
7 50
10 39
9 83
2 17
6 7
2 55
2 69
4 49
2 48
1 97
3 12
6 33
5 50
7 21
2 85
5 0
4 5
1 31
6 29
4 63
1 72
6 81
1 70
5 69
2 24
1 18
6 8
2 79
6 53
9 76
2 28
5 12
6 58
6 61
4 18
3 74
10 80
5 93
6 87
5 63
8 83
6 50
2 83
9 21
3 75
3 14
9 89
3 62
10 91
6 63
1 41
1 22
5 16
4 15
8 92
3 99
6 9
5 3
6 76
6 59
9 64
2 62
7 94
6 12
1 60
1 0
9 96
9 25
9 17
2 63
6 55
7 22
9 80
5 93
6 15
3 94
8 83
4 29
10 61
4 99
9 27
4 60
2 62
9 58
1 11
3 76
4 98
10 32
6 84
6 3
9 15
6 28
1 67
6 10
4 64
8 28
6 63
9 11
6 6
7 61
1 68
7 21
8 77
8 71
1 5
3 99
3 48
9 19
1 31
9 31
4 87
10 75
9 30
4 60
4 98
1 59
4 32
4 13
4 50
6 75
5 21
5 6
9 93
2 53
4 47
3 86
9 51
6 50
10 33
8 19
10 67
3 22
2 61
6 95
3 33
6 34
2 64
9 40
4 58
1 8
2 11
1 11
4 86
7 8
3 38
5 67
7 11
3 49
10 59
1 49
8 66
1 37
10 42
2 9
3 51
9 59
5 79
7 54
6 65
9 82
10 51
2 86
7 100
3 91
6 72
1 4
6 30
9 69
1 6
6 80
10 19
9 100
7 83
2 54
3 45
3 13
9 19
6 18
8 58
3 23
3 8
3 62
8 98
7 44
8 88
10 53
2 98
5 45
8 61
10 67
1 10
6 63
8 54
1 7
9 69
6 44
6 2
10 15
10 45
7 38
3 60
7 37
4 28
10 24
10 40
10 40
8 63
3 64
6 24
8 24
6 54
6 30
8 52
3 49
3 56
5 3
10 56
5 17
2 77
1 3
9 23
5 64
4 33
6 39
3 77
6 84
1 99
1 41
4 28
1 29
2 28
7 75
1 25
2 90
10 94
3 66
2 16
7 4
1 71
5 85
8 72
6 16
4 57
1 96
6 59
3 54
6 68
7 85
3 17
1 80
10 45
5 41
2 100
1 79
4 56
9 38
7 16
7 56
8 25
2 36
9 74
3 56
1 83
1 12
7 84
3 91
2 25
4 10
1 92
3 16
1 2
7 52
7 7
5 92
4 29
10 77
8 61
4 30
2 39
1 65
6 63
4 9
7 78
5 26
3 20
7 29
6 95
8 6
10 20
3 50
2 45
2 4
3 68
8 80
4 12
6 99
7 35
2 57
4 2
9 62
2 7
5 0
5 28
6 69
2 13
2 61
3 98
5 68
1 45
4 35
9 69
1 93
6 18
8 41
4 89
10 9
9 58
6 17
10 11
10 73
4 90
3 99
8 89
4 66
1 72
3 87
1 0
5 41
1 0
2 90
3 65
2 64
9 7
2 50
1 85
3 25
8 42
10 30
6 33
7 59
9 9
5 93
8 49
2 38
9 18
5 0
2 25
6 57
6 86
1 49
10 70
8 80
6 61
6 70
10 96
9 34
6 8
8 93
9 79
9 86
4 92
9 100
10 61
5 27
10 19
1 18
4 29
2 28
3 47
1 12
1 35
3 1
2 84
6 24
7 37
9 25
7 62
10 87
10 74
8 85
3 32
10 98
8 44
6 100
7 30
3 58
10 26
2 4
5 26
1 64
5 54
10 38
5 40
2 37
10 29
8 13
3 17
10 76
2 65
3 41
6 41
5 90
6 33
8 80
3 22
3 92
5 82
5 34
1 36
2 81
4 68
1 62
1 72
10 55
2 41
5 39
4 78
4 56
9 76
8 83
5 71
4 15
10 88
5 12
10 51
7 49
1 79
9 82
9 69
10 50
5 32
10 71
2 0
7 18
1 53
1 8
9 83
10 61
6 80
10 95
10 47
1 33
9 38
7 1
7 48
5 63
10 59
7 83
1 55
10 41
1 55
7 97
2 49
5 57
3 84
7 93
9 44
1 51
2 18
3 54
3 43
4 100
4 69
1 27
3 34
4 23
7 88
4 2
5 56
10 86
5 38
9 2
8 5
5 47
4 86
7 49
7 40
6 67
6 61
9 58
9 9
4 42
5 33
10 0
1 49
10 81
4 62
1 41
8 37
6 74
7 77
2 51
4 62
3 65
7 64
10 88
2 12
1 2
2 73
5 98
7 47
1 7
3 97
3 8
9 8
2 99
7 71
5 74
7 85
10 54
6 53
10 84
5 79
2 93
10 44
10 31
5 74
6 66
3 3
4 85
6 15
4 56
4 36
10 49
2 29
9 90
6 70
4 56
2 96
2 90
1 7
8 71
7 60
7 67
10 61
6 86
8 98
5 41
9 29
9 10
3 33
6 64
7 83
10 94
10 3
10 65
6 36
9 72
6 30
10 59
2 89
8 34
1 3
9 37
2 17
6 24
8 88
2 27
10 94
4 38
3 11
4 87
7 4
1 43
5 78
3 63
10 14
6 39
3 50
7 51
1 5
9 96
7 27
7 2
2 8
6 79
8 26
7 41
7 93
8 85
2 80
10 22
8 17
4 66
1 96
7 100
8 40
3 37
1 88
9 83
6 61
3 43
5 57
7 95
10 99
5 62
9 37
9 65
10 70
6 6
3 25
1 42
8 97
10 83
10 55
4 54
10 50
7 9
2 52
1 49
8 19
8 7
9 98
5 62
10 75
9 84
9 12
3 64
4 63
5 50
1 60
2 21
8 37
6 6
7 73
5 35
7 36
4 36
3 88
10 5
6 56
3 42
1 3
9 75
4 33
9 73
6 97
8 86
5 75
1 50
9 72
7 67
5 8
3 34
1 37
8 81
3 37
2 18
6 91
7 43
7 17
8 35
9 20
6 98
3 44
7 65
2 16
3 88
5 62
6 95
5 69
7 100
2 35
3 43
6 13
9 7
2 85
1 32
2 47
9 100
3 59
7 56
3 22
3 97
6 63
1 47
3 14
6 22
4 30
9 75
7 98
6 45
5 83
8 61
10 66
4 42
8 13
2 54
9 70
1 35
5 74
10 41
4 12
1 39
3 29
10 20
3 98
10 71
2 3
5 52
8 64
4 72
4 88
8 46
1 23
5 54
10 100
3 55
2 42
3 51
1 11
4 22
8 2
1 96
4 67
7 8
8 14
1 40
7 68
4 99
3 1
3 66
3 19
2 85
3 22
9 45
1 68
5 73
1 56
8 83
2 46
9 28
1 74
10 89
9 55
2 3
1 67
5 66
3 11
6 18
8 62
9 78
5 20
9 60
7 14
7 88
4 21
3 22
3 68
1 5
8 80
1 11
1 12
10 79
7 93
6 1
3 73
2 13
2 38
6 2
9 9
7 1
10 50
7 41
6 51
1 85
8 22
6 78
10 74
10 3
9 0
9 59
7 6
4 0
10 73
3 56
1 7
8 57
6 68
6 83
4 18
1 68
1 0
4 69
8 35
2 65
1 6
8 52
7 49
6 69
5 47
8 32
3 6
4 82
5 15
5 43
2 5
2 72
2 64
6 97
4 19
8 96
3 72
10 69
8 89
9 61
5 68
6 17
6 9
3 1
5 78
8 94
10 9
10 43
1 63
8 9
8 93
3 100
10 61
4 20
7 60
10 12
1 40
4 18
2 32
3 30
8 28
1 61
2 45
9 33
9 30
1 38
7 3
4 99
8 77
8 56
1 26
6 53
2 51
5 14
1 75
5 17
9 100
2 38
9 23
10 90
7 74
3 38
4 51
1 49
5 9
1 10
9 54
3 81
7 90
7 32
1 33
2 55
9 33
7 2
1 91
3 68
4 50
2 18
6 52
4 24
9 52
2 97
10 59
2 10
5 89
1 36
10 36
2 17
7 65
4 59
7 88
2 16
5 63
5 5
6 21
5 72
2 8
4 58
9 84
6 17
4 56
2 34
3 78
8 89
2 95
6 8
3 44
1 79
2 76
8 30
1 75
6 1
8 22
9 39
8 49
7 84
10 59
5 14
4 27
5 18
4 32
3 84
2 28
8 36
9 89
1 77
1 95
6 87
8 60
1 73
8 28
6 20
8 45
10 11
2 33
10 40
2 99
6 21
7 4
3 74
8 87
6 71
9 0
10 31
6 57
2 26
8 65
9 88
1 70
8 65
4 64
6 61
6 51
9 34
5 1
4 25
8 13
1 1
9 2
10 23
3 30
4 43
8 28
5 73
8 83
2 78
8 79
9 52
2 1
10 75
10 95
7 62
9 54
1 0
10 41
3 35
7 74
10 45
1 48
6 55
6 72
3 45
4 65
1 98
1 17
10 4
7 11
4 22
10 25
5 16
7 38
4 71
4 11
7 69
1 50
1 6
9 26
5 97
10 92
1 54
8 64
1 99
3 85
4 3
3 97
10 41
3 31
9 100
6 72
9 1
5 6
8 13
1 45
6 70
10 46
8 83
3 30
1 10
9 81
2 87
5 90
2 100
3 70
8 59
6 88
10 22
6 51
3 18
4 21
8 45
1 8
2 72
6 26
9 60
10 8
6 17
1 0
8 22
6 66
2 51
1 59
9 60
9 75
6 70
2 71
10 16
5 3
4 58
5 18
5 32
9 70
6 67
1 9
2 34
6 3
1 96
8 93
4 55
3 67
1 16
5 5
10 80
1 5
9 33
8 52
4 88
2 45
5 1
10 89
4 77
10 46
6 22
4 56
6 93
4 40
5 1
1 49
10 27
2 95
2 1
2 58
1 29
7 8
8 94
8 13
10 48
1 7
2 30
1 16
2 62
7 59
10 67
8 65
10 17
10 78
10 14
10 35
3 97
1 69
1 25
4 40
1 99
5 96
7 11
10 80
10 61
7 73
5 10
3 8
9 63
5 90
8 1
2 89
4 46
6 18
7 57
1 14
3 49
8 100
7 65
4 1
7 51
8 41
7 70
3 16
4 37
2 83
10 40
4 48
8 6
2 74
1 79
8 76
3 94
9 29
10 47
6 80
6 5
3 68
8 27
5 24
1 61
5 68
4 92
5 48
10 77
1 16
9 55
3 8
6 3
8 49
7 88
10 4
7 4
8 13
10 34
4 16
6 25
3 3
1 35
6 56
3 86
10 63
3 87
3 35
8 75
7 16
5 33
3 85
4 52
2 39
7 22
1 73
4 100
8 91
5 59
8 87
5 17
2 20
7 84
3 52
4 0
1 2
10 68
9 94
3 64
9 1
1 7
7 87
8 45
1 56
5 23
3 75
5 37
8 97
2 68
1 90
6 87
9 24
5 48
10 48
2 12
7 40
3 91
4 19
8 87
6 58
10 59
1 90
10 43
3 59
8 63
2 47
1 7
4 5
3 45
10 9
10 50
4 67
9 54
7 44
10 58
10 38
2 54
2 47
4 18
2 36
2 53
3 38
10 20
7 79
3 28
4 17
6 96
6 74
10 20
8 57
3 17
2 57
3 20
8 52
2 15
9 2
1 43
2 11
9 38
4 57
3 47
8 22
10 57
10 6
2 54
2 12
1 62
3 0
4 93
1 26
2 15
10 87
8 23
5 98
6 85
3 20
7 60
2 96
5 86
4 88
5 27
2 14
1 86
5 38
3 9
2 8
1 18
3 5
10 65
3 50
1 80
9 6
10 15
5 16
2 67
9 62
10 67
6 7
10 78
6 90
5 18
6 66
6 34
7 12
8 49
1 55
1 40
7 47
10 29
4 5
8 29
2 21
9 79
8 60
9 100
7 96
4 100
10 29
5 33
7 49
6 81
10 55
1 50
2 34
10 35
6 29
3 97
7 70
1 9
1 91
8 37
9 34
3 12
2 59
10 50
8 29
5 10
10 15
1 7
1 3
8 49
9 0
4 70
5 75
1 28
5 65
8 20
4 84
4 15
5 73
5 18
4 4
10 10
6 77
4 99
1 74
1 21
2 46
2 77
9 14
4 19
8 24
3 6
1 86
8 81
10 57
2 47
9 99
8 46
6 65
6 86
7 77
8 57
7 46
3 33
4 1
3 2
2 80
6 73
1 19
8 66
6 27
8 88
1 61
8 39
7 4
9 37
4 71
3 47
10 58
9 65
1 55
10 38
2 56
2 26
3 20
1 65
10 62
3 65
10 51
9 54
4 27
6 19
9 28
9 13
3 23
3 4
9 73
9 87
10 91
1 0
10 67
9 50
7 58
6 93
4 26
8 20
2 39
6 57
5 58
2 99
8 96
4 14
8 52
9 60
8 85
1 90
4 65
1 34
4 91
1 100
2 48
8 17
4 84
7 85
3 38
6 84
4 88
4 98
10 22
5 48
2 99
9 33
2 51
1 57
4 91
5 7
10 41
6 44
5 87
7 66
2 47
2 97
8 34
2 84
4 60
9 38
8 7
2 64
6 60
8 77
7 74
7 88
4 51
8 44
7 45
3 17
7 14
1 25
1 32
2 36
2 1
6 99
10 49
1 1
10 77
5 45
9 61
7 18
1 83
3 26
10 68
9 63
7 41
8 32
2 55
5 44
5 38
8 54
1 13
6 21
2 28
5 97
4 99
8 0
1 99
6 84
6 48
8 86
10 81
9 19
9 64
10 95
6 53
1 13
8 50
2 46
10 23
2 65
8 73
5 98
4 43
6 70
9 98
2 67
3 20
4 82
6 63
4 44
3 87
9 71
7 94
7 37
5 0
8 89
1 1
1 70
2 100
5 98
7 33
2 8
4 70
10 6
7 14
6 29
1 74
4 96
7 97
1 65
2 61
5 22
5 31
7 19
3 15
4 67
2 23
2 64
9 1
9 4
2 48
7 86
4 11
5 30
9 38
6 29
2 97
7 19
5 62
2 40
1 14
10 86
7 81
7 51
7 86
9 19
7 39
7 78
3 49
3 90
4 39
8 37
6 67
5 79
4 26
1 12
7 31
6 63
6 72
5 64
10 47
7 76
6 94
7 93
2 77
10 87
9 58
6 92
7 22
1 95
10 27
4 31
8 51
5 81
1 36
9 61
8 97
5 87
10 49
4 31
5 52
10 43
3 79
8 18
10 100
9 90
3 22
5 48
9 87
10 96
2 43
6 36
1 98
7 97
3 40
4 64
9 68
6 80
2 95
10 39
9 43
4 21
10 95
10 84
7 52
9 40
9 78
2 68
4 38
1 67
4 24
6 49
1 41
6 58
3 51
10 6
5 87
8 56
8 60
3 21
5 74
2 66
1 70
7 1
7 0
9 33
5 42
7 54
1 29
2 23
8 52
10 69
2 6
3 5
2 33
10 82
3 71
3 33
6 17
8 79
1 25
8 69
2 99
7 100
4 0
9 87
3 77
10 56
3 40
1 34
10 94
9 21
8 64
6 79
5 47
7 86
2 17
7 99
9 2
8 37
1 64
1 45
5 58
7 71
10 71
3 21
6 43
10 75
8 63
1 74
6 82
2 99
4 75
1 3
3 82
4 18
7 31
4 51
10 86
8 6
6 1
4 8
3 52
1 6
3 51
3 21
7 3
10 65
2 64
3 50
10 62
7 29
10 61
1 67
7 83
5 39
7 18
6 59
9 59
10 30
1 11
10 72
10 89
2 18
3 1
6 9
10 55
8 29
2 8
9 74
7 34
7 80
9 59
4 96
1 34
6 93
10 49
7 94
7 60
2 26
4 29
2 24
10 89
9 31
3 79
1 21
6 43
10 62
2 75
1 60
7 60
6 32
2 56
10 6
9 47
4 11
1 54
5 7
6 46
4 65
10 32
6 40
3 48
8 46
10 77
8 4
6 32
1 14
9 7
4 42
8 85
9 5
6 23
8 93
4 94
6 30
1 79
8 79
3 5
2 94
4 47
3 20
8 69
6 58
3 37
1 4
4 68
10 38
4 90
2 76
5 68
10 87
2 77
9 11
8 47
8 26
10 76
10 2
10 52
4 24
7 35
1 16
4 64
7 18
5 82
4 33
3 45
10 35
4 83
1 60
6 10
2 20
5 64
10 2
2 24
9 11
1 14
9 15
10 72
1 97
1 12
5 78
10 59
6 27
1 33
2 55
6 45
5 15
10 40
4 77
1 81
1 17
5 76
1 54
1 31
4 47
10 76
7 39
7 61
8 36
4 13
10 98
9 89
4 38
8 0
9 45
3 6
8 90
2 37
6 41
9 33
6 90
10 84
3 43
4 35
1 52
7 48
10 16
10 61
5 33
5 16
9 51
9 8
10 71
1 97
3 49
9 92
5 18
5 49
9 81
3 5
6 89
10 15
9 37
2 56
10 42
1 4
7 40
4 80
3 64
8 52
8 91
7 66
6 44
4 49
6 43
3 25
9 58
5 35
6 98
9 94
8 47
2 97
2 31
2 59
1 26
2 99
6 48
2 26
6 99
1 46
8 65
10 61
5 64
9 48
8 82
5 30
8 74
1 47
8 79
7 10
8 38
4 8
2 73
3 18
10 46
10 85
5 15
10 48
3 76
8 22
1 74
2 24
3 55
3 15
1 5
9 93
3 72
1 9
4 64
3 62
2 42
8 80
3 53
3 88
8 93
3 48
10 87
1 87
8 47
9 76
1 24
10 82
4 87
2 72
3 85
2 40
3 25
9 81
2 41
3 51
3 62
3 87
8 1
8 19
9 56
8 45
6 6
3 31
7 45
10 65
3 34
5 11
9 98
2 95
2 56
4 83
5 5
5 16
7 76
2 2
5 72
9 16
5 38
2 52
4 92
5 19
10 95
5 49
4 21
6 34
3 13
2 38
8 0
5 64
1 20
5 37
9 42
3 27
6 41
5 87
10 18
9 52
8 33
1 95
4 83
1 97
10 96
9 6
7 93
1 67
9 61
3 96
8 1
7 69
10 55
6 68
1 48
1 83
5 72
8 51
8 25
3 90
2 55
10 21
5 82
6 95
7 89
6 71
2 28
1 84
2 49
6 93
8 62
2 67
5 35
3 41
7 79
1 30
8 11
7 22
9 83
3 19
4 62
8 91
1 32
1 69
8 68
8 36
1 40
2 57
5 69
1 96
5 52
5 33
3 10
3 77
7 48
2 30
6 35
5 11
2 36
9 38
9 43
4 4
2 32
1 57
6 57
1 83
10 81
9 93
3 24
5 0
4 45
2 24
6 100
9 31
2 6
10 88
8 98
5 100
3 42
7 39
1 90
9 64
2 11
1 0
4 49
10 56
2 52
1 45
2 21
1 27
9 76
4 16
4 65
3 9
9 29
8 91
8 54
4 42
8 71
2 5
3 39
1 87
5 0
1 20
5 39
7 72
5 46
7 74
8 44
1 61
6 16
4 38
10 100
1 2
2 29
9 80
4 57
2 82
4 60
1 32
4 30
9 51
1 14
6 47
3 16
8 18
5 61
10 41
8 34
3 34
10 28
6 14
1 13
9 45
10 37
3 76
2 98
7 79
8 35
7 78
1 47
8 10
9 85
8 79
4 17
10 28
10 1
6 60
6 100
8 57
10 12
2 2
1 75
9 67
3 92
9 3
6 60
8 93
8 95
7 95
9 63
9 58
5 5
4 0
8 20
10 59
4 41
6 71
5 44
10 74
1 76
9 74
10 30
9 13
1 20
8 40
4 38
3 54
5 67
1 24
10 30
8 97
2 79
2 21
4 56
3 45
4 95
7 48
2 98
5 2
4 5
10 60
3 42
4 65
3 46
4 84
7 25
5 27
6 79
8 22
9 38
3 100
6 3
3 65
7 100
1 79
9 96
4 63
9 28
5 45
7 46
5 71
3 79
1 85
9 100
5 53
5 58
2 5
3 28
4 32
8 10
7 13
9 34
8 97
4 69
3 2
8 21
9 38
5 66
1 73
3 40
7 5
5 76
6 58
8 92
10 97
4 55
3 61
5 11
6 56
7 17
5 38
4 75
1 98
9 28
4 9
4 74
10 26
3 84
10 28
4 62
7 97
2 49
6 66
9 7
7 40
2 79
1 96
10 4
7 6
1 98
1 33
4 16
4 97
9 40
7 88
10 92
7 100
2 99
7 67
5 63
10 39
7 31
9 41
10 39
10 83
5 65
4 53
6 24
3 4
3 23
8 75
2 73
9 23
5 7
6 100
2 32
6 20
3 85
10 96
1 18
10 25
5 30
7 50
9 91
7 67
9 4
2 12
6 0
7 65
10 83
7 94
10 68
2 27
5 82
4 10
6 54
4 5
5 69
7 3
1 17
6 46
4 24
2 98
4 31
7 12
5 14
5 47
9 32
4 80
9 3
4 44
1 58
5 90
9 39
2 30
1 34
2 46
10 70
6 42
8 99
9 43
9 64
7 50
9 0
1 25
1 13
1 65
8 38
6 58
5 73
8 24
8 1
9 13
5 38
2 72
1 56
6 91
5 3
7 43
6 66
6 77
5 89
10 23
9 79
10 95
9 4
8 69
4 88
5 49
9 88
7 46
1 18
10 45
5 26
1 70
5 72
10 52
2 35
6 9
2 37
5 38
9 0
6 89
1 60
6 12
2 64
9 46
8 96
3 65
7 11
8 70
10 80
4 39
9 6
6 83
1 12
8 14
10 58
10 60
7 32
4 89
7 37
8 65
10 15
9 88
3 61
3 1
4 28
7 20
3 90
3 77
6 15
10 23
3 45
6 10
5 3
10 56
5 29
5 47
7 38
6 76
1 67
5 58
4 95
1 59
4 99
10 54
2 52
5 9
4 46
8 3
9 60
2 25
7 59
1 80
9 68
10 24
2 29
4 65
2 34
7 35
10 35
1 17
5 87
7 60
2 20
1 49
5 17
4 28
2 6
2 15
7 65
2 97
3 34
2 70
3 63
4 60
1 100
3 85
5 56
4 33
8 6
9 3
8 89
2 28
3 88
8 36
6 27
9 19
8 77
3 18
4 69
6 10
8 43
6 53
9 37
8 85
4 46
7 89
9 92
5 63
6 0
9 7
2 93
4 39
2 50
8 20
8 42
10 1
7 23
5 49
2 13
6 46
8 88
6 32
10 100
3 37
4 96
6 21
3 100
5 75
8 46
6 35
4 76
1 4
8 85
10 52
5 36
3 52
9 8
6 83
3 39
5 98
7 87
6 87
9 8
6 39
6 34
5 28
7 78
9 88
2 15
7 21
10 52
4 96
10 42
5 49
1 86
10 17
2 81
8 50
3 13
9 15
5 94
5 24
10 39
5 91
9 35
10 13
5 63
6 88
7 36
10 82
5 44
2 29
3 5
10 86
6 19
4 4
5 53
4 90
3 40
2 11
3 57
8 34
3 20
4 44
6 14
1 63
8 25
2 7
6 41
6 32
4 52
2 62
7 60
5 81
5 79
8 93
10 77
7 77
7 55
6 8
7 32
8 11
1 71
5 14
1 56
9 9
3 92
10 70
6 56
4 71
3 80
6 85
10 50
4 41
5 19
4 86
2 0
9 13
7 17
2 97
1 33
9 61
8 91
10 24
4 67
1 17
4 75
5 27
6 37
10 25
10 13
4 89
3 98
1 11
3 45
10 24
6 1
10 19
7 69
3 82
2 46
3 89
1 58
9 95
7 22
9 98
1 19
2 100
10 94
3 36
8 77
5 80
6 35
1 72
5 34
10 65
4 85
10 100
2 60
5 38
5 36
4 72
3 2
9 70
3 82
2 17
2 48
5 70
3 96
6 57
1 35
4 97
8 59
10 52
4 46
2 20
10 72
1 90
2 73
2 77
5 58
10 76
10 93
10 29
3 60
3 73
9 36
10 7
4 50
1 90
6 17
4 61
10 42
2 22
2 93
9 27
10 91
4 39
8 19
6 63
2 1
9 57
6 4
2 94
7 1
7 30
2 18
6 5
2 75
4 34
4 99
1 75
4 39
4 88
5 100
2 57
6 5
4 37
7 69
9 43
9 40
8 42
10 9
8 11
2 79
5 11
6 24
5 19
8 56
4 32
5 49
4 65
2 27
10 70
8 30
2 58
7 84
3 43
5 85
10 48
2 51
8 13
9 49
2 24
9 66
2 84
8 31
7 0
2 12
6 71
9 71
8 10
10 28
10 92
7 45
1 97
6 88
8 22
8 7
5 98
2 51
8 41
9 54
4 52
10 49
8 73
3 21
3 7
5 0
10 75
9 47
6 20
2 5
2 5
5 54
10 12
3 82
10 74
2 84
1 80
3 92
6 34
2 45
1 7
1 62
8 17
2 38
6 56
1 63
3 28
