10000
3 47
4 66
8 0
3 36
8 83
5 73
10 13
8 25
9 33
3 40
4 99
3 6
7 42
2 35
5 61
9 93
4 34
5 92
3 88
1 34
6 21
3 62
8 92
1 3
9 4
6 82
8 6
6 85
9 41
3 4
10 100
8 68
2 39
6 1
1 31
1 56
7 29
8 33
3 76
7 61
2 63
8 3
2 34
5 49
9 21
8 80
10 33
1 91
9 37
9 89
8 99
1 55
6 85
6 47
6 93
4 95
1 64
8 47
9 65
1 83
9 74
8 2
6 78
3 78
7 24
9 5
6 78
4 98
4 28
6 52
3 13
10 43
3 78
9 1
3 44
9 83
7 68
4 14
7 73
7 26
6 53
2 5
4 93
2 37
9 77
2 67
7 71
1 14
10 2
2 40
2 35
1 18
5 69
6 54
3 55
10 13
4 70
8 95
5 87
6 47
8 29
3 62
10 19
7 52
3 82
6 83
3 55
8 96
4 21
6 99
7 26
4 18
4 77
5 15
1 84
1 62
5 78
10 28
3 26
5 80
6 48
4 31
3 42
1 65
1 73
3 88
9 66
6 62
2 16
8 3
4 98
6 94
3 75
5 71
6 2
4 90
6 93
3 95
10 49
8 18
1 18
3 29
10 80
1 54
6 27
6 42
8 31
5 55
4 47
4 66
5 16
4 47
6 80
9 70
2 55
6 46
7 75
7 27
7 64
6 20
2 8
5 89
6 51
1 6
1 88
1 73
4 24
10 31
6 81
5 17
6 16
1 42
6 62
5 68
6 32
9 46
4 91
6 7
4 46
9 28
2 55
9 40
9 61
5 5
2 73
7 79
4 34
1 28
10 22
4 3
1 73
6 64
2 48
9 94
2 93
9 16
1 26
7 54
8 80
4 94
7 26
3 60
8 27
3 38
8 99
1 89
3 41
7 36
2 89
5 77
5 40
5 70
3 84
4 56
4 29
7 20
6 34
5 66
9 0
10 63
2 52
3 71
8 63
4 78
7 65
7 91
5 10
8 9
7 61
2 23
5 3
5 13
6 14
1 39
8 10
2 55
10 77
4 29
5 39
8 73
3 83
3 1
1 55
9 44
6 13
10 73
2 12
1 3
5 99
8 49
9 71
1 88
9 95
10 90
10 61
5 84
5 89
5 65
5 93
8 10
1 27
4 77
3 71
7 31
10 42
10 60
6 80
6 13
4 28
6 66
3 96
6 91
1 85
5 53
6 43
8 97
6 22
1 12
8 1
1 89
10 37
3 98
10 67
2 57
4 15
9 84
4 89
2 66
4 5
8 78
6 85
4 29
6 84
9 12
10 81
8 81
3 24
6 66
6 32
2 100
2 28
8 54
10 39
10 85
8 54
3 11
2 83
5 12
3 46
6 11
3 30
2 34
9 4
2 88
7 68
1 35
5 11
9 17
9 7
6 83
4 1
5 44
7 40
8 99
8 26
8 91
7 42
10 80
6 30
5 29
2 61
4 75
6 1
1 77
4 54
2 44
7 4
6 37
9 51
4 35
4 96
2 5
4 36
3 17
9 23
9 18
5 44
10 10
7 65
2 88
6 14
10 31
1 82
5 52
7 68
6 90
6 38
6 74
10 99
6 10
8 17
7 54
4 0
8 60
3 91
10 40
1 0
3 11
6 100
9 70
5 3
7 12
2 30
7 24
8 8
8 98
3 98
6 96
2 26
3 92
6 32
8 29
2 77
2 67
8 49
1 30
8 34
7 69
7 84
5 97
3 78
1 99
9 88
5 19
10 62
9 93
4 0
1 33
8 50
2 70
7 29
6 14
1 76
5 93
10 20
4 10
7 64
10 88
1 85
9 4
10 43
4 39
10 77
8 69
4 17
6 80
4 10
5 50
2 32
9 40
3 91
10 84
10 60
2 17
3 31
5 68
1 71
1 16
8 9
2 61
3 97
7 99
4 15
7 32
10 68
4 5
8 39
2 21
5 80
9 4
5 15
8 3
10 56
8 3
1 34
7 3
8 80
3 70
10 100
1 71
2 39
7 36
4 100
3 33
4 23
6 81
10 56
5 77
2 99
7 19
6 69
4 54
1 62
5 57
4 99
5 27
7 11
4 74
7 54
8 76
8 53
8 42
6 16
5 54
10 78
8 16
4 95
9 1
2 100
6 46
10 47
2 88
3 69
9 4
3 62
6 91
5 36
9 62
8 45
8 42
10 58
9 21
1 96
1 5
2 37
4 50
9 36
7 56
7 31
6 50
6 88
7 99
2 78
9 33
9 33
10 43
4 81
7 92
5 31
7 74
5 0
5 66
10 48
2 85
10 59
7 87
7 41
4 59
3 16
3 18
1 88
1 100
3 31
2 9
7 42
3 28
9 55
9 30
2 83
9 23
2 74
2 54
10 43
3 42
7 69
3 52
8 68
5 83
6 90
9 93
4 0
4 39
9 55
6 91
6 5
3 77
10 91
9 52
3 5
8 33
6 61
3 60
3 13
6 89
10 19
10 78
4 53
9 44
8 7
4 88
4 84
1 17
6 71
2 88
7 4
6 73
2 57
6 44
3 60
6 75
7 86
3 20
1 90
5 12
9 33
2 97
8 94
3 17
6 24
4 57
8 77
8 50
10 80
1 9
4 94
5 58
8 32
3 98
5 12
6 83
4 81
6 24
8 56
10 40
8 80
8 83
7 46
10 59
4 12
1 77
4 74
3 82
1 64
6 63
3 71
7 17
9 33
8 6
6 95
8 54
9 93
4 91
2 97
5 73
7 35
7 11
10 91
3 98
4 50
6 65
2 49
2 74
7 49
9 33
9 60
9 36
7 29
2 71
1 40
5 44
9 81
7 20
7 17
7 14
5 32
6 74
6 76
1 1
9 59
8 75
7 82
2 8
10 23
9 61
4 93
4 67
1 62
5 31
10 9
5 67
7 75
7 79
9 13
10 5
1 30
1 26
10 44
9 5
7 61
6 31
3 9
8 55
2 89
3 31
1 64
6 44
5 38
4 90
6 7
2 20
3 33
10 61
10 59
1 12
10 71
2 51
3 73
7 63
5 62
9 29
10 88
7 84
7 69
10 10
7 61
4 42
7 53
2 86
3 8
5 30
8 12
1 68
3 18
10 60
7 27
9 76
10 11
4 97
2 35
10 25
3 0
2 54
6 65
2 73
9 10
3 54
3 50
2 60
6 18
6 72
8 6
6 63
4 45
5 54
10 45
3 77
10 12
6 84
3 95
5 25
5 87
2 35
9 15
2 100
5 21
3 79
9 0
9 58
10 41
9 100
3 75
7 15
1 6
7 30
10 46
9 31
4 19
2 47
5 67
3 56
10 45
6 84
7 50
8 41
1 73
5 3
9 90
2 40
8 96
7 3
4 97
5 32
1 63
5 68
10 95
8 37
7 11
3 98
4 29
4 1
6 81
5 42
2 60
3 15
5 63
10 23
2 14
8 1
10 41
3 54
8 60
10 97
5 23
6 56
4 25
4 52
7 62
3 1
4 96
10 57
5 24
3 60
8 60
5 99
7 45
10 7
7 5
10 49
1 39
3 45
5 61
7 23
7 20
9 86
9 25
2 18
9 20
5 64
9 93
1 73
7 84
3 70
4 27
8 86
7 56
2 54
1 2
4 34
3 26
6 9
9 97
5 42
2 86
4 63
6 7
2 76
10 96
1 24
7 71
6 80
10 94
1 60
8 30
5 43
2 29
3 6
5 48
4 77
9 2
2 88
5 97
4 58
4 22
7 20
2 23
5 2
9 18
9 41
6 10
5 26
4 100
9 13
3 47
3 73
5 88
2 52
1 48
8 94
3 71
8 38
10 88
2 53
6 45
10 48
6 7
8 94
8 21
4 32
2 23
8 5
4 30
9 35
6 29
8 28
2 43
5 53
4 85
6 85
10 34
9 41
7 61
9 1
6 77
8 91
1 100
7 53
10 63
5 19
1 69
4 99
5 69
6 33
9 93
7 16
3 22
8 62
9 74
1 53
1 77
2 60
2 77
1 41
5 78
8 81
5 33
2 69
1 50
8 83
5 37
5 100
5 80
2 78
4 75
1 7
5 83
9 71
1 9
9 85
3 42
1 90
1 96
8 40
7 59
4 97
8 32
3 41
7 24
2 85
9 69
1 42
2 32
7 25
5 56
9 17
5 49
8 17
4 83
5 55
1 15
3 93
1 58
4 21
8 74
8 1
2 97
8 7
6 64
7 75
6 8
1 44
7 23
4 54
2 27
10 97
2 92
5 85
1 96
8 22
3 67
3 66
2 78
6 17
8 0
9 54
4 77
6 100
6 26
4 34
6 68
4 65
8 22
6 49
3 65
2 7
1 32
2 49
3 77
1 14
5 45
6 85
9 26
3 40
1 60
1 76
2 18
7 16
8 31
6 61
9 86
4 42
4 4
8 7
9 2
10 78
8 72
3 97
9 41
5 40
4 75
4 90
10 56
6 40
4 22
9 91
2 77
7 30
9 99
1 58
10 18
3 94
10 52
3 32
5 81
7 47
4 66
2 5
10 36
9 18
3 80
9 32
5 37
4 39
9 25
3 51
3 18
9 8
10 0
3 91
7 59
9 66
6 74
7 12
7 90
5 94
6 92
2 2
3 85
2 86
10 3
4 16
5 21
3 95
2 44
4 29
5 7
7 50
8 2
9 1
1 40
8 52
7 8
2 58
1 1
9 72
10 82
1 10
9 57
8 68
1 75
7 94
7 76
1 80
7 51
9 81
10 97
2 1
4 70
3 65
4 47
7 26
1 58
1 1
7 89
3 67
4 56
1 7
4 57
6 91
8 86
5 49
3 0
2 69
5 0
4 36
4 8
1 27
1 68
3 64
10 40
3 4
9 69
2 38
7 18
8 28
9 68
5 33
1 49
6 53
3 98
4 46
4 14
4 22
2 8
5 79
9 50
5 96
8 44
1 29
10 33
4 30
9 34
10 50
1 77
10 47
1 64
2 89
4 80
1 30
7 91
2 0
2 100
4 15
5 81
2 54
10 87
6 37
4 8
2 100
10 14
7 42
5 87
2 70
4 73
10 68
1 27
10 77
1 44
4 47
1 66
9 51
6 27
4 1
1 95
6 3
6 45
6 36
9 77
1 80
7 24
6 64
8 9
10 95
3 42
9 77
3 19
8 83
8 58
1 75
1 14
3 45
4 33
7 80
4 15
1 23
5 3
4 3
7 16
8 74
8 93
2 41
10 36
1 81
8 50
2 28
1 41
10 65
9 22
9 5
9 82
7 9
2 62
3 50
10 47
10 64
8 95
10 17
8 69
1 92
2 44
6 2
4 27
7 75
6 64
6 38
10 13
6 64
9 66
6 24
1 22
3 66
5 58
9 5
1 66
10 70
7 39
7 76
3 48
10 79
6 78
4 3
4 5
2 31
6 10
6 17
6 68
9 86
5 97
7 100
4 90
9 61
1 95
1 48
7 63
5 30
1 93
4 72
7 48
7 25
4 19
8 0
9 42
1 0
5 49
5 28
4 80
3 36
7 0
3 69
6 100
8 11
9 34
1 86
2 84
5 74
4 15
2 94
7 16
4 65
7 21
1 67
10 77
6 85
5 94
8 55
5 75
10 65
4 43
6 1
9 45
4 46
10 73
3 45
9 17
7 63
6 82
4 89
3 28
3 29
5 42
7 8
7 59
3 100
8 5
5 35
6 91
2 30
8 10
8 41
2 57
4 31
3 56
9 10
9 24
6 98
9 48
10 47
1 30
2 94
4 85
7 97
2 22
1 0
7 5
6 75
3 84
2 22
6 95
7 28
4 14
6 40
4 55
10 53
10 79
9 93
9 91
8 59
3 56
5 22
7 77
1 34
8 3
8 43
3 8
2 69
7 94
10 25
6 61
3 58
2 41
10 63
6 81
4 78
2 35
5 86
10 82
6 23
7 59
6 73
1 53
9 64
3 29
10 95
4 25
7 40
2 9
3 30
4 43
1 19
5 82
3 85
9 87
9 28
6 96
6 2
7 39
6 8
5 69
5 26
4 80
1 66
2 26
5 9
6 59
10 83
5 96
8 15
2 24
4 31
7 58
10 5
7 1
3 33
1 96
9 39
9 29
3 67
4 2
3 16
4 13
6 6
8 30
1 24
5 54
1 88
4 10
6 11
8 99
5 1
2 68
10 100
2 79
4 7
1 69
6 72
3 33
7 11
5 86
4 2
8 30
5 82
7 52
9 27
4 4
6 40
6 57
8 84
3 23
6 47
2 35
7 71
9 66
6 96
9 82
10 65
3 61
2 66
10 3
7 59
9 9
7 80
5 55
4 57
6 13
9 47
1 66
2 99
7 28
2 90
8 12
7 33
9 76
10 25
3 86
5 62
8 69
9 27
9 68
6 76
8 61
9 50
1 48
3 70
3 4
4 0
7 9
5 83
9 11
10 100
5 94
3 19
2 31
6 27
3 57
3 79
10 9
2 35
2 12
3 77
6 71
10 86
8 27
6 0
4 86
7 34
1 91
6 35
10 51
9 51
1 12
8 19
9 18
2 29
9 57
1 67
2 83
4 23
5 35
8 67
4 13
1 79
9 41
10 70
7 30
1 63
3 10
9 53
9 59
3 15
1 95
10 83
9 91
1 6
3 66
5 55
1 19
3 5
4 5
8 7
2 13
7 63
5 10
7 42
9 98
3 72
5 25
7 84
6 4
4 86
8 66
4 76
3 11
8 61
9 35
9 10
10 14
10 81
5 57
6 44
1 23
9 62
4 89
6 26
6 48
4 19
10 94
9 95
2 90
5 75
7 64
1 70
1 49
8 93
2 35
1 94
2 93
10 77
9 77
9 88
7 83
3 80
2 67
4 52
7 48
1 100
8 33
6 90
2 7
3 2
5 15
7 62
5 12
10 60
5 77
8 81
8 73
5 1
7 33
9 48
5 40
6 94
1 59
5 84
2 72
7 7
7 48
6 14
2 3
2 40
8 21
8 27
1 11
7 44
9 94
10 91
7 41
3 34
1 74
6 38
7 34
2 72
4 10
2 54
2 63
3 64
5 49
9 34
7 98
8 18
9 33
10 39
9 43
6 68
1 15
10 41
10 23
5 7
9 63
8 88
8 77
8 89
5 20
1 100
4 30
4 31
7 7
3 82
2 8
8 21
7 80
9 65
1 98
9 33
8 21
4 20
7 58
10 30
4 79
10 10
10 85
3 60
6 88
5 46
7 93
5 53
3 30
9 61
1 21
3 41
6 27
4 48
6 84
5 75
9 87
6 93
5 67
5 23
1 51
4 83
8 95
5 2
10 15
8 94
9 36
3 87
2 94
10 46
10 55
6 39
6 48
3 87
9 11
5 44
6 44
2 23
7 46
6 31
10 52
3 90
9 39
1 36
8 46
10 7
4 93
7 87
3 97
5 23
7 64
1 4
7 24
7 77
4 15
10 11
10 77
5 48
2 38
8 63
6 85
10 80
1 21
5 83
4 81
2 26
1 10
6 49
8 27
5 22
7 52
7 60
2 47
1 77
5 42
10 62
7 59
6 92
9 81
2 93
1 15
8 21
2 45
8 36
10 89
5 9
3 32
3 16
9 83
4 28
4 10
9 90
7 71
1 3
2 33
7 93
1 79
4 29
8 3
2 36
10 10
3 95
8 72
9 4
2 100
6 24
6 53
6 34
7 50
4 33
9 3
1 39
5 67
10 41
4 83
10 6
10 91
5 30
4 57
6 76
9 39
7 62
8 73
4 25
3 97
5 48
2 97
8 16
10 47
3 15
1 56
2 39
10 59
10 11
9 1
5 16
4 7
2 71
7 2
6 51
9 71
10 12
8 29
5 37
1 5
1 49
6 10
9 72
10 44
6 5
2 35
4 81
5 18
5 70
3 4
10 83
9 4
3 12
7 37
7 2
7 58
4 53
4 88
2 68
6 79
3 49
9 30
6 62
7 75
9 14
8 45
4 33
3 88
6 86
1 78
6 59
10 23
2 98
8 70
7 92
6 99
10 67
10 64
5 19
5 26
10 60
1 37
3 90
9 29
9 79
10 66
4 56
1 10
1 87
8 97
7 70
4 34
2 26
10 46
5 56
3 40
5 53
7 82
1 53
8 47
7 14
9 70
5 14
9 55
1 98
1 38
3 24
9 32
10 36
3 24
9 21
9 52
1 55
1 14
6 100
6 63
3 6
4 89
9 88
4 81
8 69
4 12
7 81
6 95
3 9
3 95
6 22
3 94
10 47
10 25
3 45
6 50
5 15
7 98
1 86
7 28
1 84
9 0
6 24
6 86
5 5
7 53
6 16
5 27
3 14
3 80
8 61
5 35
4 98
3 61
8 78
9 5
1 91
5 57
2 81
1 89
4 15
6 65
5 21
9 34
3 34
10 58
4 23
1 99
9 29
2 90
7 90
2 84
6 55
1 79
8 72
2 97
8 66
5 95
2 29
10 36
5 100
5 94
6 20
10 49
2 9
5 22
2 28
10 57
2 86
2 42
3 38
1 98
2 2
7 50
10 16
10 60
2 31
10 48
5 11
6 24
1 84
6 24
1 6
9 67
5 41
9 4
9 30
2 95
6 17
1 11
1 52
8 47
2 4
7 37
8 17
5 50
10 17
9 71
4 41
9 5
10 51
2 2
4 45
10 98
1 53
9 68
3 8
2 40
8 10
4 68
5 35
10 100
6 20
1 4
4 47
6 37
2 81
10 100
8 35
8 24
3 25
8 80
4 28
9 6
6 50
9 100
3 27
10 4
5 42
4 37
5 4
5 1
3 77
4 3
5 55
6 66
9 41
9 34
2 86
4 16
9 94
1 59
2 65
4 58
2 64
6 95
1 47
9 85
10 12
1 41
1 56
3 28
7 50
9 99
5 83
7 35
8 70
6 26
5 37
5 33
10 2
9 60
3 42
4 95
3 66
7 24
9 66
2 28
7 25
3 4
4 84
5 91
3 24
1 89
4 36
7 72
3 41
3 86
8 51
4 81
1 61
10 19
3 47
1 96
8 26
7 36
1 26
10 80
3 16
10 64
9 91
5 17
1 99
4 35
10 27
1 16
5 28
1 40
7 81
6 25
2 96
1 67
2 75
4 6
2 0
5 7
7 95
5 14
6 12
1 17
10 30
1 59
2 49
5 44
4 0
3 21
7 78
6 59
3 85
10 10
10 99
9 46
5 38
7 65
3 70
9 12
7 91
4 41
3 36
7 17
8 50
1 63
7 27
10 93
9 24
9 40
7 85
5 24
2 78
2 71
5 54
10 83
4 88
4 36
6 30
3 88
4 31
10 19
4 65
6 52
5 94
10 5
2 59
5 88
8 29
9 1
4 91
4 7
8 2
2 99
9 74
9 57
7 89
7 65
4 8
1 40
5 22
8 2
1 35
2 79
10 43
4 92
4 55
9 69
1 43
8 14
5 8
3 55
3 3
7 32
6 52
2 56
6 73
7 73
5 66
10 54
2 12
8 28
2 38
7 89
5 76
8 81
8 30
2 92
2 32
9 27
6 44
1 41
6 38
2 77
10 79
7 33
5 83
5 100
9 72
6 45
8 30
1 28
3 11
4 37
2 85
6 40
7 38
5 58
2 95
3 35
3 42
2 73
2 27
7 9
2 79
3 71
8 71
6 74
5 43
2 53
10 93
5 66
8 91
9 73
7 3
9 20
2 23
7 3
9 47
9 20
2 90
3 36
9 98
2 17
3 99
4 3
5 55
3 58
4 41
9 98
5 50
1 90
1 7
8 87
6 11
2 11
4 79
9 91
5 0
7 61
8 34
5 35
4 70
8 84
5 36
4 9
6 7
8 42
7 73
6 99
1 67
3 6
10 92
4 83
10 97
4 36
8 77
6 61
9 89
7 72
5 45
3 7
2 65
7 23
3 61
3 38
1 87
3 50
9 2
10 74
8 18
8 5
1 92
3 65
5 70
9 96
7 19
6 27
1 73
4 20
4 37
1 98
4 32
2 56
8 58
5 100
1 56
4 82
3 62
9 41
1 83
10 54
8 63
2 2
8 31
10 16
8 31
10 53
3 12
1 66
3 1
2 13
3 91
1 33
5 71
9 69
4 49
5 40
3 100
5 37
4 26
9 25
7 87
2 5
2 79
5 12
5 55
4 98
8 31
5 63
4 0
10 25
4 75
6 93
8 70
6 1
8 5
5 69
4 91
2 59
1 85
4 33
4 65
5 29
2 71
1 42
4 84
2 89
4 26
6 21
7 84
1 91
4 0
1 16
2 10
5 45
5 16
6 83
2 31
4 5
8 54
6 78
7 39
5 28
1 88
5 91
4 56
3 59
8 6
9 82
9 70
6 50
10 39
2 68
6 89
1 11
4 23
4 7
3 20
7 37
8 21
9 73
4 49
5 9
4 48
10 88
4 48
8 22
3 35
7 8
3 66
4 99
7 65
4 14
1 19
5 89
5 86
3 33
3 88
8 70
2 73
1 46
10 9
4 88
2 27
5 46
4 39
9 20
9 83
9 83
9 78
3 96
9 1
4 13
5 12
1 47
10 19
2 3
9 65
4 22
6 39
3 22
8 69
6 95
8 77
8 34
6 66
5 47
9 47
7 40
10 78
3 67
1 5
6 26
2 11
3 55
2 84
7 83
6 18
10 32
3 87
7 23
7 19
6 93
3 22
2 39
1 27
3 49
5 86
6 14
4 64
2 88
2 37
1 95
9 51
2 36
9 36
4 96
4 3
2 97
9 67
6 86
1 9
5 19
7 16
8 75
8 76
1 83
8 35
4 30
3 64
7 50
6 56
3 1
9 2
5 61
2 49
8 64
5 45
3 12
1 86
5 99
2 98
3 57
9 52
8 33
6 77
7 14
10 58
3 18
8 17
5 39
2 45
3 48
5 82
5 68
8 65
4 58
8 49
2 70
1 58
10 91
8 95
8 18
7 79
5 69
7 69
4 97
3 88
2 67
5 91
3 40
10 45
10 83
6 66
6 84
4 63
1 85
7 96
6 59
3 30
4 24
8 12
9 74
8 94
2 14
5 42
10 84
7 55
1 88
7 36
6 60
3 60
9 80
3 54
2 54
3 9
5 68
5 18
3 79
1 19
4 20
8 76
9 64
4 87
5 49
6 31
2 86
1 93
5 55
10 54
6 62
10 12
3 77
1 86
2 42
1 1
2 91
8 91
2 17
5 37
8 58
2 35
9 61
10 32
5 64
10 33
8 7
3 66
9 59
9 57
5 6
5 53
9 36
9 68
3 1
7 39
2 93
7 54
4 28
10 53
10 14
10 44
1 12
8 35
10 26
10 88
4 35
7 16
3 34
3 30
2 13
8 58
2 25
7 96
2 26
5 23
5 16
6 71
5 74
5 56
1 42
4 98
2 11
8 29
8 23
6 88
6 54
7 73
5 0
8 6
3 25
3 16
6 63
8 56
3 96
5 99
7 61
1 72
10 14
4 18
2 44
3 20
2 33
3 59
4 81
9 66
2 72
5 21
6 35
7 2
10 11
7 72
6 73
10 53
4 4
2 76
6 22
6 54
10 31
3 50
9 40
3 15
6 83
2 28
4 6
7 14
3 8
3 7
1 46
7 72
8 53
8 22
3 68
9 100
7 37
9 12
6 47
9 67
2 88
10 99
7 11
9 56
2 11
9 59
4 74
8 25
5 11
2 50
8 22
3 84
6 41
9 60
4 61
4 58
5 61
6 72
5 4
6 83
4 18
6 46
5 41
9 40
5 10
2 57
10 67
4 69
5 33
8 74
1 15
3 100
3 55
8 53
5 50
1 67
1 93
3 78
1 61
9 9
8 27
9 63
7 80
1 59
5 22
8 88
9 77
2 7
9 22
6 15
2 72
6 36
1 6
4 6
7 51
3 0
2 55
10 7
2 59
9 86
9 89
5 49
3 31
8 52
5 94
5 77
10 33
7 87
6 85
7 85
2 61
4 88
3 85
5 80
6 77
3 38
2 55
5 66
1 96
7 100
1 81
9 7
5 97
10 94
5 18
4 55
7 8
9 81
2 85
1 14
4 4
4 71
4 0
7 90
10 44
7 90
6 10
9 21
3 81
2 46
9 83
2 97
2 96
6 94
7 26
1 11
6 54
5 34
10 66
4 94
6 85
4 52
9 44
10 43
7 85
2 52
2 85
5 36
6 4
1 61
6 27
4 3
10 86
5 91
6 39
7 82
10 17
4 24
5 80
2 94
3 79
9 40
3 62
5 64
3 45
10 1
10 93
9 89
10 33
2 65
3 79
2 52
5 69
2 62
8 10
4 94
8 94
8 82
3 55
1 5
6 1
3 17
9 4
5 14
8 57
7 37
9 76
6 61
1 30
3 81
5 45
6 16
1 44
7 91
10 57
8 2
5 55
8 1
4 25
8 54
7 35
3 5
3 35
10 13
9 73
9 1
6 15
1 99
5 25
1 65
7 42
1 87
6 33
8 4
7 18
9 69
3 55
3 66
3 7
5 63
1 71
9 7
3 25
8 23
8 66
1 69
3 7
9 56
7 45
3 42
8 53
4 94
1 27
8 62
2 61
3 30
9 39
5 28
4 13
8 4
4 59
3 73
4 41
9 60
9 83
4 24
4 100
5 1
10 65
2 28
1 24
7 84
4 54
6 30
6 91
4 47
10 55
2 18
2 5
4 1
1 42
4 34
8 80
9 55
10 34
10 73
5 52
4 72
9 71
1 85
4 17
7 78
10 27
5 57
3 86
4 18
1 5
8 67
6 10
3 58
7 73
9 55
10 53
6 71
7 1
2 16
10 23
2 83
7 59
10 48
1 65
8 60
5 60
1 44
4 13
4 85
6 54
2 96
5 23
9 97
1 90
8 76
2 3
10 61
2 67
7 23
3 93
9 31
7 45
9 1
2 8
3 7
4 90
8 60
1 92
4 5
10 33
9 18
8 3
8 85
4 62
10 39
3 65
10 59
2 59
3 24
3 80
6 60
7 91
8 87
9 61
3 68
7 12
3 100
9 66
8 71
7 55
5 5
8 3
10 66
3 5
1 22
6 64
5 95
2 50
8 62
10 63
5 7
5 17
8 98
10 59
2 38
7 83
10 11
7 49
1 18
3 23
2 90
3 70
9 0
10 36
5 63
9 50
1 76
4 95
6 63
4 21
9 33
7 99
1 67
7 45
2 47
7 56
7 91
6 30
7 56
3 25
6 42
7 90
1 63
4 97
2 17
4 46
7 79
1 24
4 14
9 47
5 99
3 71
10 96
1 81
2 22
5 63
5 8
8 81
8 23
3 95
2 73
2 47
1 80
10 48
10 75
4 57
4 72
9 91
3 68
6 57
6 46
4 17
2 98
8 77
6 26
6 20
7 75
2 25
8 24
1 97
8 12
3 48
6 29
4 62
7 30
6 14
10 98
1 24
7 9
3 60
8 83
8 79
1 19
5 92
1 75
3 82
10 70
1 24
3 84
5 61
6 51
5 60
8 41
1 73
9 20
6 79
9 63
3 66
8 22
9 4
8 72
2 38
7 48
6 78
3 29
9 50
9 19
8 70
1 33
9 11
3 78
3 58
3 50
1 30
4 57
2 49
10 21
8 16
6 55
10 13
4 39
8 52
7 56
4 29
3 98
6 71
6 17
9 1
1 44
4 13
6 20
9 29
1 98
7 39
6 82
9 5
4 9
1 94
9 60
1 89
7 20
2 37
6 65
7 8
2 72
4 23
2 86
6 1
10 21
5 37
1 95
3 4
5 5
10 36
2 94
4 15
4 49
3 12
1 63
3 26
9 15
7 81
9 5
3 73
9 10
10 14
3 18
3 55
8 30
8 61
4 61
4 22
1 88
2 49
5 36
5 78
2 91
9 74
10 17
7 12
5 41
1 9
6 84
6 15
9 65
4 72
7 99
5 23
2 75
8 67
9 30
10 54
3 7
9 100
8 34
9 27
4 69
6 44
2 28
7 31
8 86
1 29
9 79
7 72
10 70
6 94
5 36
7 64
4 7
8 97
5 40
6 3
6 54
7 19
7 93
5 54
7 79
10 62
8 28
2 70
1 50
8 84
5 23
4 72
8 3
8 58
3 32
5 42
7 83
8 69
7 38
3 83
10 87
5 86
3 12
1 4
3 55
4 70
3 48
6 85
3 28
4 47
7 42
1 72
2 75
1 37
9 51
5 73
8 85
1 21
2 51
6 77
1 5
9 92
6 72
1 5
4 6
9 12
5 77
3 33
7 96
3 41
9 93
10 47
6 17
9 6
3 84
5 29
10 69
6 64
4 16
10 32
9 90
3 23
4 72
7 45
8 86
9 3
5 27
1 4
5 95
10 8
5 5
6 3
6 71
5 94
9 15
2 25
6 31
9 26
2 69
9 81
10 5
1 9
9 82
4 65
7 17
6 82
10 25
10 71
8 38
6 14
4 25
7 27
5 12
8 28
5 10
8 31
7 25
10 79
6 43
7 98
7 97
6 94
9 34
2 38
10 34
5 32
1 52
6 58
10 60
5 32
2 34
4 53
10 6
7 68
5 34
5 94
3 67
4 57
5 2
6 56
3 35
2 0
2 15
6 84
9 51
1 82
5 94
7 56
10 21
2 66
5 13
5 38
10 60
2 6
7 90
1 10
5 15
2 91
5 43
1 63
10 35
3 1
1 92
4 51
8 76
9 88
1 15
10 65
4 42
8 39
3 37
10 55
1 31
5 41
2 5
7 56
3 6
7 11
3 35
6 7
4 36
2 88
5 21
1 61
2 87
4 15
7 23
9 18
3 30
4 11
3 13
10 26
3 25
6 58
5 81
10 35
1 42
10 63
1 60
6 86
5 23
3 30
7 77
9 47
4 16
5 12
1 70
3 13
1 45
7 77
2 2
1 22
7 85
9 41
6 45
8 34
4 28
6 82
8 32
6 56
9 83
8 18
2 86
4 92
7 44
9 47
8 48
5 72
7 94
5 80
4 84
10 61
8 13
8 76
9 89
2 95
8 23
2 9
4 0
2 89
1 34
4 92
6 1
9 61
2 44
10 70
2 78
1 76
10 58
10 29
2 71
2 69
1 66
5 48
3 69
9 69
9 82
4 67
1 68
10 71
4 7
4 72
6 62
9 12
5 8
4 4
6 61
1 62
9 69
1 37
1 68
5 4
8 33
1 12
9 88
8 49
8 10
4 75
6 65
5 74
9 87
10 97
2 58
2 75
7 51
2 59
4 96
9 11
5 19
5 95
2 65
4 61
5 53
10 65
6 80
3 58
2 67
3 41
6 32
7 33
3 86
8 19
6 35
5 11
3 16
2 35
6 43
6 12
4 66
4 61
1 55
10 67
6 42
5 54
4 11
8 3
8 39
9 32
8 36
8 69
1 19
10 40
6 27
3 47
9 83
2 49
9 16
9 43
10 51
6 54
1 90
3 37
4 31
8 7
6 89
5 18
2 3
6 51
3 24
10 42
7 11
10 88
4 91
4 66
7 7
4 86
3 70
7 70
4 44
5 100
9 75
10 70
6 83
7 58
7 96
6 10
5 58
3 0
6 47
7 50
8 17
8 62
4 56
2 32
5 58
8 12
7 25
1 27
9 43
9 64
1 87
1 14
9 56
10 95
7 47
8 50
5 82
8 68
5 71
7 90
1 0
9 88
3 45
3 65
1 21
3 57
7 7
6 93
7 5
3 23
7 17
1 61
5 54
9 72
10 41
6 5
7 40
9 33
6 90
3 37
3 10
6 77
1 80
8 43
10 8
6 27
6 87
5 31
5 32
6 63
7 99
7 3
3 0
8 31
3 2
8 86
2 55
9 71
6 41
9 44
4 41
8 2
6 82
8 78
4 75
1 83
8 36
4 40
4 16
8 81
6 46
6 23
2 90
1 49
1 21
2 20
7 83
6 31
2 86
6 47
2 42
2 57
8 14
6 55
5 81
8 34
5 75
10 10
5 45
4 98
10 72
2 7
4 36
3 87
5 32
8 57
7 39
5 87
10 81
4 53
10 22
3 9
4 70
1 33
6 76
5 27
8 14
10 5
3 98
1 78
7 12
1 44
3 8
6 71
9 100
9 54
1 24
6 95
2 11
10 97
9 63
2 79
10 83
10 44
8 54
8 40
7 4
3 64
7 37
8 90
10 78
4 53
3 89
10 16
6 20
3 23
3 98
6 68
2 40
9 22
5 39
7 54
3 93
4 65
2 53
6 85
8 94
10 3
8 3
4 24
1 27
3 37
3 35
9 95
7 77
9 33
6 69
10 34
1 5
1 54
3 6
3 69
10 15
4 99
9 25
1 50
1 48
3 63
3 78
4 82
2 87
9 1
6 35
7 69
8 9
4 35
7 15
1 56
3 89
1 58
1 65
4 44
8 73
3 21
8 0
3 72
3 99
4 11
1 1
1 1
3 90
7 26
2 44
3 96
7 56
6 33
1 71
2 37
5 82
9 98
4 37
2 96
9 72
3 14
3 34
8 2
9 23
1 59
2 37
10 68
4 48
5 55
9 87
3 65
1 58
3 33
9 16
7 19
2 60
4 61
8 7
7 91
4 95
10 82
3 78
5 79
2 60
4 97
4 53
1 61
2 50
5 26
9 66
8 56
9 67
10 92
1 75
1 19
1 99
1 36
2 80
10 15
9 63
7 68
10 80
8 88
4 77
8 97
4 21
3 5
7 63
3 10
8 20
7 51
7 79
2 19
7 93
5 51
6 79
6 85
1 34
4 28
1 6
10 29
4 42
1 45
3 34
10 86
5 99
3 74
1 1
7 24
2 85
8 17
4 4
1 77
4 78
4 57
3 99
2 37
8 5
3 44
3 29
4 54
5 73
4 55
1 79
9 61
1 7
4 65
5 60
8 78
2 44
7 13
7 84
7 45
5 54
10 0
9 28
6 20
6 98
8 0
9 76
1 38
4 45
9 3
7 36
9 48
3 8
10 63
6 71
5 48
5 34
8 38
2 77
5 78
2 3
3 48
4 53
8 74
3 84
5 80
6 7
8 99
4 52
9 22
9 33
10 63
2 98
4 89
3 34
6 85
10 87
9 57
8 12
6 0
2 78
10 5
8 73
2 46
6 72
8 61
1 68
1 44
2 52
6 2
1 67
2 13
9 45
10 54
7 91
10 83
4 26
8 51
5 98
9 26
9 87
4 57
3 91
1 95
8 43
8 20
3 73
6 63
7 55
2 72
1 0
6 22
8 40
6 17
8 68
3 74
1 7
9 2
2 35
1 61
6 46
6 36
5 18
8 84
3 96
7 58
5 17
8 99
5 55
10 32
8 26
6 20
10 66
7 29
8 6
7 45
3 3
7 65
8 12
2 92
2 63
1 92
6 95
2 46
9 79
9 74
2 29
3 4
3 28
5 34
2 61
2 96
9 88
9 63
7 21
9 31
8 11
7 80
4 3
7 97
9 86
10 36
10 23
10 45
4 53
10 98
6 98
3 86
2 17
6 66
4 34
7 44
6 78
1 66
10 48
10 83
6 74
2 44
2 6
5 65
5 87
6 26
3 30
7 57
8 43
7 39
4 82
2 48
8 0
3 69
2 53
8 63
10 67
7 46
6 84
7 31
7 38
8 67
1 39
8 27
1 27
7 85
6 4
8 20
3 66
2 90
2 50
10 15
5 91
1 61
1 52
7 53
2 8
3 87
7 33
6 51
8 98
3 87
3 69
8 79
9 6
10 79
10 40
6 49
10 13
1 75
10 77
4 94
7 49
9 92
9 75
9 32
7 70
8 88
6 8
4 55
8 62
9 2
10 10
5 41
9 22
3 53
5 35
1 22
7 19
6 38
5 100
1 44
2 100
7 87
8 22
5 71
9 98
9 11
8 3
5 45
5 97
7 100
4 18
1 7
9 74
9 45
3 63
9 28
6 75
7 4
6 49
1 49
9 11
10 21
8 85
3 35
4 85
6 82
5 44
10 24
1 58
3 95
2 93
10 9
2 70
10 85
10 31
8 33
3 99
2 33
6 2
3 46
6 71
5 85
7 50
2 62
3 86
1 47
9 33
4 53
4 8
1 95
2 88
4 90
7 71
8 86
3 49
7 29
10 32
2 21
9 50
10 53
6 19
6 74
8 37
1 30
10 1
5 22
8 1
10 56
2 73
4 47
4 73
5 79
10 36
3 9
8 53
6 71
1 3
10 65
4 37
5 45
9 21
8 48
3 16
2 80
6 36
2 32
5 61
5 21
5 40
5 1
8 5
9 33
4 95
6 15
3 87
8 58
2 4
6 22
2 2
9 20
2 90
3 51
8 61
9 13
8 51
1 97
5 45
6 51
6 91
8 8
3 52
10 12
8 67
9 10
8 98
7 74
2 56
2 80
7 87
7 76
6 76
8 4
5 51
1 94
4 82
3 41
3 50
10 93
4 99
5 80
1 92
1 60
1 48
8 0
1 69
6 73
5 92
10 25
9 77
5 36
6 87
5 83
9 5
4 49
1 48
10 43
2 86
5 31
2 49
4 39
5 70
4 91
4 30
9 4
1 73
10 15
7 71
3 57
8 0
8 47
4 81
4 26
3 71
6 85
1 79
5 63
8 78
4 32
3 23
6 26
8 19
10 98
2 36
10 22
10 41
4 9
7 51
9 71
5 92
6 18
3 47
4 40
9 44
6 95
3 74
5 53
7 27
10 41
1 16
2 53
8 61
5 79
6 34
9 3
1 0
6 94
9 83
6 40
2 22
8 79
7 50
10 77
5 18
9 27
5 67
8 66
8 45
4 22
5 77
5 75
7 19
10 56
3 81
3 59
9 70
2 41
4 28
1 6
3 62
10 74
2 47
3 8
4 3
4 86
6 71
2 89
6 66
6 30
2 4
3 19
2 6
9 82
8 73
8 49
3 18
8 56
10 60
4 67
6 55
4 84
9 89
10 1
6 24
1 68
4 53
7 10
8 16
4 37
9 72
4 59
5 98
8 24
7 14
8 59
8 10
7 63
10 81
4 75
10 24
6 38
8 92
3 6
2 48
8 68
10 39
10 77
4 98
6 4
10 44
8 73
10 75
3 73
7 34
1 43
2 57
2 9
4 90
3 83
1 76
2 96
7 11
6 16
9 34
8 88
1 86
9 48
9 42
7 58
10 82
5 12
9 55
10 63
4 8
8 31
3 89
4 42
5 69
2 87
10 82
4 85
4 89
4 96
1 31
8 11
8 85
9 7
6 67
6 31
4 72
7 76
9 75
5 69
4 11
8 46
10 64
8 84
1 35
9 78
8 28
10 5
8 91
7 59
9 23
7 13
1 94
1 28
10 73
5 26
3 26
6 19
6 5
9 83
10 14
7 89
10 94
2 100
2 60
2 9
10 25
4 50
4 16
4 22
4 30
4 37
5 84
3 38
10 75
9 13
5 53
3 81
7 54
10 36
9 11
3 78
7 65
1 70
7 26
6 99
2 5
1 100
1 72
1 53
2 35
2 68
7 60
6 88
9 88
7 14
10 100
3 81
5 71
7 10
10 56
1 56
2 44
5 74
9 95
8 51
9 35
3 87
3 27
4 64
10 86
2 73
7 41
8 55
9 57
7 50
8 9
4 92
8 55
7 84
3 55
6 23
9 83
9 28
8 54
9 81
7 75
3 56
9 25
2 64
7 60
1 8
4 44
3 76
7 18
3 14
4 44
2 32
6 6
6 33
8 12
8 99
2 35
4 52
7 33
8 25
8 14
3 94
1 22
8 67
1 77
4 65
8 69
4 30
8 91
3 56
2 58
6 20
3 44
8 48
10 35
6 10
1 37
4 15
8 94
1 27
6 96
4 54
8 67
3 27
8 87
5 12
6 80
1 71
7 59
6 18
3 79
4 30
3 5
9 28
6 29
3 44
8 32
10 23
6 86
2 19
1 77
10 0
2 25
9 32
5 96
10 12
8 26
5 100
7 26
5 2
2 66
2 46
9 67
1 18
1 18
10 11
1 4
1 25
10 34
7 48
9 14
10 63
7 52
10 52
8 38
9 69
5 99
2 29
7 46
9 31
6 0
4 93
10 54
4 2
6 69
3 50
7 62
10 57
6 62
10 78
7 6
7 15
4 67
1 45
2 42
5 100
9 30
10 25
8 57
6 10
3 18
4 79
1 25
6 89
9 34
2 79
3 6
9 43
5 15
5 26
7 15
6 62
10 93
5 94
1 78
1 95
9 30
9 58
5 27
7 42
8 7
10 77
10 87
10 3
5 97
6 31
2 6
4 92
6 54
7 35
2 26
3 67
8 0
9 73
9 34
8 25
6 13
1 14
4 7
3 13
3 60
5 45
1 76
3 73
4 15
5 58
10 69
3 49
8 47
4 40
7 53
10 88
4 22
5 80
9 70
8 47
3 93
5 56
9 49
9 52
6 64
6 92
8 28
8 47
5 85
3 93
1 78
7 20
10 55
4 15
6 20
1 38
10 28
3 36
4 19
8 100
1 75
6 60
9 9
8 69
10 1
2 89
8 47
5 2
8 75
8 66
2 59
10 69
3 13
5 84
8 58
3 38
10 21
5 23
9 45
10 33
8 55
1 50
2 2
8 67
2 63
5 33
8 99
5 53
4 49
2 12
4 3
4 52
3 75
7 5
9 23
3 63
10 74
9 91
4 18
1 32
6 59
4 61
2 6
6 48
5 24
1 17
6 24
9 1
10 51
4 96
8 7
1 71
3 60
8 72
7 13
7 68
8 94
3 87
8 4
9 28
5 17
10 39
10 46
4 50
2 86
2 53
8 52
3 89
3 56
4 23
1 2
2 79
1 98
5 39
7 80
1 39
2 68
2 50
6 35
10 56
7 6
2 74
5 1
5 58
2 97
5 53
8 56
1 40
3 8
8 20
10 12
4 93
5 51
6 35
1 67
9 38
2 44
2 36
10 13
1 8
7 96
2 92
6 58
1 38
5 62
10 71
1 64
6 72
10 52
5 43
3 93
6 26
3 89
1 35
10 7
8 100
6 45
2 43
1 11
7 81
9 92
10 79
3 62
10 59
9 23
5 60
3 25
7 50
2 93
1 79
5 98
8 79
6 1
3 3
1 56
4 65
8 80
6 67
5 24
7 83
4 44
4 74
2 31
6 13
6 64
9 42
10 85
10 40
7 42
5 3
5 1
4 0
4 3
3 100
5 15
8 98
10 89
5 36
4 43
2 93
6 48
6 34
4 46
3 6
1 9
9 10
4 19
5 31
4 0
3 32
10 7
9 31
2 21
4 16
6 90
6 94
2 82
2 34
1 72
7 37
1 52
3 50
10 10
4 25
10 55
7 20
8 66
8 82
1 11
3 27
7 97
4 31
9 52
8 77
1 4
9 72
5 51
5 28
2 51
2 65
5 63
10 92
5 47
8 33
7 78
6 39
3 3
10 71
7 56
2 5
4 58
8 20
1 46
6 75
6 93
10 63
1 43
2 71
5 40
5 41
3 61
9 15
4 88
4 0
1 5
5 16
6 53
2 54
5 31
3 95
2 67
2 39
2 93
9 69
3 96
5 79
10 28
9 65
5 36
4 58
5 42
8 83
5 48
10 3
3 19
1 77
10 30
5 99
5 35
6 86
9 10
3 36
8 57
9 71
4 91
7 73
1 71
7 57
2 4
4 1
5 32
4 34
6 91
9 54
5 6
4 58
10 18
1 19
5 92
6 82
7 0
3 49
8 1
5 21
6 46
6 60
4 76
5 96
2 4
4 28
8 52
9 78
6 26
8 19
7 89
6 43
5 29
10 55
10 32
7 36
5 100
1 49
5 76
6 25
7 4
9 55
3 18
6 67
6 93
10 74
1 10
9 94
9 67
8 52
8 97
5 73
8 82
7 79
1 58
9 71
4 31
6 24
9 23
7 56
8 83
7 84
10 55
7 73
9 61
6 4
3 62
1 52
7 40
10 26
2 15
5 6
10 79
2 66
1 67
4 40
6 60
2 83
2 100
8 72
6 86
10 73
1 24
4 24
2 3
6 69
3 38
4 87
6 68
7 96
5 25
4 73
1 4
7 29
5 16
1 27
7 69
7 39
5 63
3 60
2 66
2 24
7 18
5 92
10 98
7 39
3 50
8 53
7 41
6 59
2 9
2 18
4 54
1 90
3 39
8 68
8 90
9 76
6 94
8 81
5 63
10 11
4 19
5 23
9 28
5 63
8 40
9 9
1 83
5 73
5 46
2 4
7 51
7 74
7 75
3 19
5 95
3 8
7 57
3 34
6 70
10 41
6 44
4 57
1 52
2 35
4 88
9 80
5 61
2 86
1 0
3 15
4 96
8 73
8 10
8 72
8 18
7 81
7 23
5 66
1 16
5 41
3 13
1 9
8 93
7 22
1 86
7 79
8 35
7 64
3 32
2 47
10 70
8 96
1 29
3 67
10 35
9 1
1 0
8 73
8 11
8 86
2 12
2 82
10 54
6 81
6 49
4 97
3 93
10 21
7 98
10 94
3 98
5 20
10 62
1 42
5 52
7 40
2 87
10 93
6 82
4 80
6 77
3 85
3 89
9 99
5 99
3 90
5 59
3 58
6 67
10 90
7 81
4 28
6 96
8 43
1 32
5 32
6 88
6 71
4 61
1 37
5 65
9 27
1 7
2 98
5 78
3 16
8 32
8 96
8 66
6 73
10 98
10 74
2 29
1 9
1 91
1 6
9 56
7 94
5 56
3 100
6 78
4 53
6 26
3 17
4 77
5 22
2 63
9 12
10 91
2 90
6 9
9 52
7 77
1 97
3 78
7 50
6 49
10 30
8 95
1 51
2 84
7 52
3 78
7 88
10 83
10 49
8 76
2 63
1 11
5 3
3 56
9 8
7 42
2 63
2 75
5 53
10 27
7 24
1 73
7 20
3 9
9 78
7 53
1 100
9 28
9 32
1 19
7 41
5 93
1 73
9 22
4 14
7 90
9 38
6 76
1 82
1 90
6 97
7 99
3 64
6 57
6 68
6 31
1 54
5 31
7 59
4 56
5 45
5 17
3 44
5 58
1 91
6 53
9 44
9 59
10 29
1 58
5 93
8 78
6 5
8 52
10 26
5 58
5 10
6 9
6 25
7 0
2 84
1 15
2 20
3 26
6 28
6 12
10 94
8 56
3 11
3 45
9 74
10 32
5 57
2 26
6 50
9 89
7 19
3 98
3 29
9 19
4 64
1 35
4 37
9 100
3 73
7 66
1 31
2 39
5 29
10 88
6 93
7 27
5 77
5 11
9 83
8 1
5 22
5 31
1 4
9 55
9 56
7 21
4 2
9 56
2 35
2 18
8 95
10 82
3 15
6 51
2 75
1 27
1 20
6 32
3 42
8 62
6 92
6 84
3 40
8 57
1 55
2 6
2 62
3 96
4 24
2 50
3 20
9 24
5 26
6 5
7 26
7 21
7 47
9 1
2 63
1 59
4 87
9 80
5 76
2 49
7 56
5 27
7 31
4 52
10 58
2 87
8 86
7 53
3 35
5 28
8 76
10 4
3 75
6 35
1 4
8 70
4 58
5 34
2 1
5 42
7 95
4 2
3 92
4 57
10 84
4 80
4 82
10 61
10 52
6 87
1 16
5 32
10 52
1 95
1 78
10 18
9 62
9 57
8 52
10 33
5 15
9 94
9 61
2 40
7 49
5 58
4 50
6 65
4 35
2 42
8 6
7 41
4 30
9 43
8 19
6 53
1 7
3 15
6 28
1 39
1 48
8 89
3 89
1 8
3 21
3 38
1 17
4 95
8 71
4 36
8 63
8 59
6 43
2 57
10 61
1 62
9 59
9 13
7 46
9 63
9 22
9 72
5 65
3 76
1 40
1 87
6 79
10 38
7 96
8 85
8 11
7 13
4 69
6 14
2 93
9 0
5 64
6 93
5 29
1 87
9 20
1 60
5 65
2 3
5 84
1 56
3 76
6 26
3 97
1 18
5 54
5 3
10 37
3 21
4 39
10 4
6 23
10 27
5 5
7 78
6 34
5 78
3 9
9 26
10 8
5 84
10 97
2 57
8 49
8 51
1 3
3 63
8 26
6 30
3 72
2 60
8 31
3 21
7 40
10 98
2 1
6 80
1 9
9 73
2 68
1 10
1 21
6 87
4 31
3 74
9 82
10 91
1 42
9 66
7 23
6 6
8 37
4 42
9 1
7 92
2 3
7 7
10 63
7 91
6 43
4 63
1 83
7 12
3 61
5 22
5 88
9 39
8 38
1 60
7 89
9 81
7 79
4 93
4 53
3 80
3 35
1 63
5 24
2 61
6 51
1 30
9 60
2 3
1 94
9 99
3 41
7 65
7 72
5 52
4 46
4 47
9 69
2 78
3 79
9 7
7 11
2 41
3 49
8 50
4 72
1 42
4 32
1 75
4 72
10 92
9 46
7 72
9 53
10 61
2 13
7 56
1 48
8 51
7 76
5 44
6 38
8 24
4 68
9 18
4 92
5 63
7 91
2 5
2 35
7 57
6 23
3 54
5 43
3 8
9 100
4 40
5 92
3 48
4 14
2 34
5 54
4 70
4 39
7 52
3 31
7 51
3 2
8 29
8 9
8 24
4 3
1 35
10 56
9 51
6 28
3 50
7 55
1 0
8 74
7 46
10 55
10 12
6 66
7 31
5 49
3 74
7 70
3 48
4 31
8 59
6 11
2 65
3 61
4 32
3 11
7 27
8 91
3 45
3 95
6 83
7 63
9 39
1 66
6 38
4 47
3 80
4 94
6 9
1 68
9 87
6 42
2 47
3 17
2 98
6 76
4 93
9 47
1 91
5 68
5 59
7 70
9 8
9 100
8 43
2 27
6 2
3 26
8 78
10 23
8 46
4 88
5 11
10 90
9 31
9 21
3 67
8 81
8 8
3 49
6 49
8 79
1 44
6 11
9 31
3 24
8 12
3 46
4 100
7 66
1 88
9 67
1 49
2 60
4 13
9 25
2 9
9 15
8 88
3 41
3 89
7 41
4 22
2 12
4 32
7 46
1 42
1 95
5 10
5 80
2 89
7 6
10 88
10 78
3 5
7 60
4 1
9 73
5 90
3 15
4 76
8 23
7 98
2 58
9 100
5 90
10 45
9 68
6 69
1 76
10 54
4 16
2 30
10 55
3 50
2 73
7 83
4 97
5 44
8 55
2 51
2 50
1 72
8 30
7 32
3 93
6 7
7 15
4 32
2 97
5 47
9 51
5 87
9 32
7 18
1 95
9 86
3 40
8 51
1 64
8 18
8 16
3 24
8 98
3 12
6 14
8 78
8 7
1 69
7 77
8 81
3 55
8 94
9 92
8 44
10 44
10 81
9 36
6 64
3 72
1 87
7 74
5 66
9 60
6 87
10 31
9 13
10 96
10 75
8 87
3 81
2 13
5 65
3 35
6 92
4 74
2 42
2 11
3 63
2 76
1 55
3 50
9 46
1 58
10 98
8 19
5 39
2 65
1 6
7 55
8 93
9 74
9 60
5 55
9 55
6 87
4 74
3 93
5 35
1 41
3 61
2 80
7 2
6 47
10 98
2 45
9 72
2 19
4 12
3 12
2 15
1 79
10 85
3 0
10 96
8 33
8 53
3 69
3 34
8 95
3 23
2 65
6 42
8 57
6 87
8 30
10 100
8 31
3 53
8 12
1 41
7 95
8 18
3 9
2 89
9 78
10 14
10 83
1 94
9 19
10 78
9 10
8 79
7 26
2 44
4 85
3 32
2 82
10 11
2 29
8 26
8 34
4 33
10 63
7 85
6 89
6 41
4 25
8 23
1 93
6 97
7 91
5 72
8 65
3 43
10 23
5 6
4 71
2 56
4 30
1 97
8 40
5 61
4 8
1 70
10 25
5 7
2 43
8 91
9 59
10 71
4 5
2 90
7 70
3 98
2 22
7 75
5 47
1 41
6 52
3 34
8 98
8 48
6 81
4 12
9 77
1 84
7 27
1 52
2 64
3 3
9 69
9 11
7 90
5 13
6 35
10 18
5 67
6 41
8 87
3 88
4 18
4 95
1 37
7 13
4 96
10 10
5 71
10 34
7 4
5 5
9 90
1 27
7 86
9 95
7 38
4 24
1 83
6 70
6 68
3 18
2 29
6 66
7 41
1 82
4 43
2 93
7 2
9 2
5 49
2 22
1 84
10 20
5 27
3 67
3 93
10 77
9 4
10 82
1 33
8 24
1 38
3 56
1 40
3 69
6 44
2 77
6 23
2 94
5 5
2 85
3 63
6 54
1 88
3 61
4 93
3 34
1 23
10 4
7 45
4 15
4 100
9 41
10 54
3 86
3 66
10 72
5 14
2 13
8 10
8 62
5 59
2 94
8 97
3 7
7 31
7 13
7 13
5 74
3 22
7 21
10 72
5 35
3 77
3 82
4 49
1 80
1 90
5 28
10 13
6 34
3 60
1 31
3 1
4 74
6 40
8 10
4 71
6 80
7 23
3 86
8 88
8 51
10 81
9 23
1 0
2 68
10 7
3 34
6 5
3 38
1 62
9 79
4 24
9 75
5 0
10 66
8 100
9 64
3 5
6 89
3 25
10 61
6 98
7 90
9 12
9 33
7 8
1 77
6 66
1 32
7 22
4 24
8 32
7 84
4 17
6 23
5 70
1 71
5 58
7 73
4 16
10 86
6 75
9 78
8 55
3 44
9 83
10 49
5 16
8 10
5 67
4 70
8 20
7 10
10 20
1 76
1 36
10 73
4 88
4 56
9 41
9 39
10 22
5 95
4 49
6 28
6 87
9 2
4 71
1 65
3 88
4 35
10 79
5 69
10 83
7 31
7 42
10 65
4 31
7 53
6 85
3 42
7 12
3 12
6 98
9 58
6 18
10 5
4 20
2 57
7 32
8 26
3 61
5 37
1 38
3 30
10 22
2 20
1 43
8 91
3 82
5 56
9 35
8 98
7 57
8 33
8 52
2 89
10 28
9 28
4 87
8 80
7 36
3 56
3 9
3 25
7 44
1 26
6 24
7 64
8 43
6 69
9 88
2 87
1 64
8 41
2 88
1 13
10 29
7 6
10 45
3 79
9 44
8 58
1 7
3 50
8 27
5 11
4 29
7 52
1 38
1 11
3 35
7 20
2 73
10 61
7 81
9 59
4 26
5 84
5 2
9 90
5 99
4 24
3 100
5 79
5 59
1 97
5 8
8 85
3 73
5 9
5 18
9 56
9 82
4 66
3 54
3 100
8 67
7 8
6 3
3 33
10 41
6 26
7 93
4 9
6 89
6 20
6 73
1 13
10 24
7 96
3 75
1 86
5 46
3 84
6 37
9 82
7 93
5 74
6 55
1 73
6 39
4 35
5 52
8 28
8 100
3 94
6 95
6 40
6 65
4 88
9 53
9 17
7 40
9 76
2 79
4 41
2 10
2 68
1 37
5 78
5 50
1 77
4 7
6 35
10 79
6 49
1 75
7 35
8 28
5 91
10 10
6 39
4 76
1 23
2 51
10 86
7 89
8 65
7 16
2 12
3 32
9 58
3 74
3 88
2 63
1 27
3 26
1 87
2 51
1 50
2 77
2 83
6 69
3 92
9 61
10 46
1 48
9 95
9 90
4 89
2 12
8 8
1 71
10 32
2 14
6 83
2 77
3 88
1 30
9 48
1 100
6 92
9 31
5 7
8 92
3 98
7 47
6 6
9 37
7 34
5 35
5 55
4 51
3 58
5 65
5 65
3 95
10 74
8 26
3 46
6 47
8 49
3 74
1 21
4 20
7 88
1 93
8 96
8 82
9 91
10 92
6 76
10 65
6 43
10 64
3 50
4 76
3 85
10 11
2 12
7 37
3 36
9 13
5 58
7 48
2 57
8 45
3 47
6 67
9 94
5 75
7 16
1 12
8 40
1 55
5 93
3 62
4 80
3 86
3 99
9 41
10 34
3 47
1 12
7 20
7 42
4 61
6 52
6 77
1 69
4 68
6 41
8 13
5 58
2 87
9 23
3 94
4 23
3 35
1 72
3 92
3 40
4 4
8 27
5 13
7 19
3 94
7 58
3 49
7 41
8 36
3 98
10 26
1 80
1 31
9 67
9 40
10 46
2 59
7 77
7 27
4 5
6 79
1 98
1 11
3 31
3 4
2 87
2 24
10 13
5 17
2 65
6 28
2 99
8 17
3 91
9 77
6 83
7 87
7 84
8 80
6 74
7 60
5 99
9 56
5 6
5 93
8 27
8 77
8 73
5 37
9 60
4 86
2 93
9 64
5 13
4 46
8 93
2 80
7 28
7 14
1 32
9 33
5 39
6 33
4 10
7 19
9 61
7 8
4 12
1 40
2 73
7 46
3 96
6 92
5 21
5 27
9 9
4 27
4 21
7 11
4 85
10 2
5 1
5 64
8 79
6 3
7 74
6 44
10 14
2 22
4 56
8 54
8 1
5 61
9 48
7 42
6 34
6 46
5 5
8 80
10 34
9 57
5 98
2 0
1 52
7 45
5 31
7 43
1 83
3 72
3 92
2 40
9 60
10 69
8 45
10 99
10 61
8 81
7 5
2 22
2 77
3 22
9 89
1 3
10 53
3 80
1 39
3 7
8 17
2 15
8 57
4 27
1 33
6 24
3 2
9 73
4 73
8 62
4 55
2 49
1 49
10 93
1 48
8 92
6 5
4 49
5 16
3 14
4 28
1 61
2 70
1 60
10 9
6 51
5 74
1 62
9 64
6 61
8 4
7 62
9 36
8 71
4 16
5 95
2 27
9 64
7 64
3 63
6 72
5 76
6 39
8 47
6 38
9 24
2 8
5 26
1 12
10 95
7 0
5 44
10 49
8 53
2 79
1 42
1 7
4 44
7 24
2 73
4 82
1 57
1 43
4 99
6 17
5 10
1 31
3 99
6 2
7 55
7 48
5 85
8 15
4 15
6 60
4 62
9 94
6 87
6 33
2 44
3 83
6 52
7 1
1 43
4 90
10 93
5 19
1 3
8 61
1 55
4 14
10 83
7 56
1 91
10 35
5 52
1 50
10 91
7 0
4 83
1 90
1 47
9 43
7 60
4 98
6 30
9 4
3 28
5 75
4 13
5 61
9 3
10 11
5 81
10 42
3 59
4 36
10 52
3 89
4 57
4 67
10 26
3 17
9 4
2 96
9 8
6 78
8 3
10 37
10 13
4 45
5 57
1 52
4 46
1 83
3 52
10 65
2 72
5 60
10 56
8 94
3 12
5 41
1 75
4 47
6 89
10 92
7 13
10 28
1 53
3 22
2 0
5 3
7 8
9 9
9 28
4 39
4 78
4 71
10 1
6 69
2 61
3 31
3 66
9 51
3 49
9 21
8 37
8 72
9 33
3 43
8 7
4 75
2 88
7 60
8 25
5 89
2 82
10 13
6 18
9 22
1 49
3 43
7 0
9 16
6 87
7 41
10 25
9 76
6 8
2 39
5 7
4 94
5 6
3 99
6 51
4 38
7 32
1 3
8 0
6 74
9 73
10 2
7 45
9 55
6 85
8 14
5 81
7 51
2 2
4 60
10 56
4 11
4 13
2 21
1 27
9 72
2 27
10 43
8 100
8 56
7 67
8 31
1 35
4 7
10 29
1 63
9 13
5 74
4 21
10 4
1 83
3 38
10 21
5 28
4 25
4 13
9 51
5 0
6 45
1 25
3 91
3 42
9 57
1 52
6 18
2 80
10 71
1 90
7 99
7 64
8 97
6 3
8 76
7 26
8 42
3 3
1 90
3 39
4 0
4 61
2 38
7 60
7 5
7 99
2 26
8 5
5 19
5 42
7 14
10 5
9 73
9 34
9 79
3 97
10 49
4 38
10 19
1 13
9 29
3 11
8 47
6 68
10 50
7 21
4 35
6 39
8 0
1 28
7 61
6 48
6 33
2 74
9 55
1 42
9 80
10 58
9 76
1 3
10 16
10 3
9 68
3 29
2 58
7 58
10 31
3 48
3 77
4 81
5 78
3 12
2 69
8 96
5 79
1 100
7 83
1 3
4 31
2 14
7 86
1 93
6 33
4 11
2 31
10 8
4 27
4 24
5 25
1 99
8 64
9 17
6 60
9 66
7 82
10 5
3 63
2 44
9 61
8 2
2 93
1 48
1 63
9 64
4 4
8 43
6 0
3 18
3 35
2 78
3 68
7 72
1 47
1 26
8 12
5 52
7 51
9 91
10 46
5 4
9 84
4 32
9 75
1 54
8 78
1 77
2 39
4 86
9 33
8 29
8 72
3 10
1 72
2 87
5 82
7 85
3 29
4 10
4 7
10 31
6 27
7 31
2 85
8 15
1 37
1 19
4 68
10 72
7 59
1 96
7 20
1 41
6 42
10 84
9 27
4 54
2 23
1 30
5 50
6 92
9 30
4 46
10 56
2 6
7 99
6 17
9 9
2 67
3 12
1 48
6 78
4 100
10 49
2 68
8 52
2 16
9 50
9 78
2 72
5 10
9 98
1 67
4 70
4 62
10 92
3 87
5 58
9 86
2 17
10 83
10 15
5 81
10 60
5 77
10 7
4 7
1 21
2 25
7 47
8 19
4 13
3 80
5 22
4 67
1 51
7 46
6 82
9 60
5 40
10 99
9 31
10 9
6 85
3 7
10 34
5 14
10 42
5 21
3 35
5 80
1 23
7 57
7 35
4 19
2 16
6 44
5 8
1 76
6 76
1 19
3 11
7 46
9 74
8 71
2 48
5 19
9 67
3 41
6 65
5 29
5 93
6 40
5 47
1 78
3 53
8 45
4 80
6 22
10 52
7 61
5 71
2 60
10 2
10 24
8 36
6 28
2 24
10 54
10 87
8 61
2 23
10 31
6 1
10 63
8 32
6 16
1 57
1 30
2 47
3 65
4 31
9 48
10 15
2 86
2 91
5 23
4 21
3 55
1 31
2 77
3 31
5 63
9 40
6 86
6 3
2 60
3 16
8 57
3 47
4 87
7 6
6 79
4 53
5 97
6 79
1 20
5 85
10 97
10 76
7 43
4 5
1 57
5 82
10 33
1 52
1 45
6 1
5 49
10 23
3 20
2 27
1 56
9 74
9 62
9 10
1 59
10 18
10 81
10 28
10 36
2 72
1 81
8 75
2 6
1 84
7 89
7 63
10 6
3 62
2 25
6 27
3 71
7 74
10 39
1 88
8 66
6 45
9 42
1 98
3 91
3 39
4 20
10 44
5 73
3 52
8 21
5 59
1 2
6 65
1 78
7 19
6 90
1 4
6 75
10 77
2 0
9 72
7 18
5 91
3 72
5 89
8 70
10 8
1 83
6 82
9 40
2 43
3 64
3 14
2 93
7 77
4 82
2 80
8 11
6 58
3 30
5 28
8 94
1 29
1 16
2 88
4 100
1 56
6 34
1 81
2 57
3 72
8 94
1 24
3 22
8 0
4 15
4 37
1 48
3 95
9 99
10 62
10 52
1 32
3 15
4 62
9 91
1 85
8 85
6 96
9 49
7 67
10 52
4 65
2 35
7 55
2 100
5 28
9 85
6 83
2 20
7 59
2 5
2 82
5 29
5 33
6 34
4 95
10 24
3 28
9 13
1 18
10 7
4 89
10 16
8 78
5 61
10 59
4 4
3 25
8 73
8 74
3 63
8 99
7 98
8 69
3 98
3 17
7 77
3 18
8 71
2 95
6 10
1 61
10 80
2 48
2 100
9 9
8 55
5 36
5 17
1 46
3 81
5 76
5 60
7 79
2 65
4 30
7 19
2 92
1 65
3 26
8 66
3 1
1 37
7 100
10 65
10 83
10 84
3 7
4 56
6 67
8 48
1 13
2 93
8 31
1 0
8 1
6 87
7 11
7 44
7 47
4 19
6 85
9 41
3 94
4 79
4 97
5 89
4 43
6 85
2 13
1 25
5 55
3 13
6 96
6 53
5 70
10 18
10 9
9 8
4 70
9 44
2 53
1 76
1 94
7 55
1 30
3 92
3 23
6 83
5 37
6 88
3 10
1 71
7 62
8 56
5 12
5 17
10 48
8 39
8 30
3 41
9 60
4 30
5 81
9 76
9 82
10 49
6 50
1 77
5 19
8 48
7 67
8 22
9 77
5 60
5 57
6 45
2 14
6 61
8 37
4 22
5 32
1 60
6 38
3 42
7 28
8 20
6 57
8 96
3 13
2 65
9 41
9 82
8 16
2 65
8 40
4 24
3 76
1 86
8 17
9 75
6 74
8 40
2 39
1 98
3 65
3 66
3 59
2 100
10 46
6 88
2 97
2 76
4 89
3 25
3 61
9 71
6 31
4 67
6 32
6 31
2 93
5 78
10 10
5 64
4 7
3 42
2 87
5 26
5 29
5 59
1 95
6 54
5 57
6 55
1 57
8 89
7 11
4 77
2 94
3 88
5 44
5 27
3 72
1 50
3 68
5 69
1 45
4 70
3 54
9 81
5 58
10 99
9 38
4 35
8 45
3 25
3 97
2 38
3 57
9 34
4 96
1 9
7 38
9 71
6 91
7 21
8 53
7 87
1 79
2 18
2 73
5 90
2 36
5 16
3 86
5 70
4 31
10 83
10 49
1 7
3 10
6 37
8 10
6 47
7 49
3 49
6 65
5 11
8 100
4 85
9 8
10 19
8 100
2 72
7 7
4 49
5 87
8 64
8 58
8 16
1 76
6 80
4 47
4 38
1 70
9 22
1 8
7 16
2 93
3 18
4 38
5 45
7 4
7 3
5 43
5 27
10 58
5 68
5 39
10 47
2 83
8 17
8 23
5 95
1 27
6 75
5 31
2 50
2 56
10 77
8 96
7 64
7 48
10 35
5 47
3 43
7 79
8 25
3 61
3 36
6 0
1 99
1 87
7 20
6 90
2 73
4 5
8 87
4 0
8 31
7 17
1 15
1 91
9 47
10 21
3 38
2 0
8 52
4 59
9 96
9 71
7 21
5 36
2 21
8 77
8 33
5 3
5 48
7 87
1 47
2 11
7 76
1 35
7 52
9 36
5 46
4 52
9 52
10 80
6 74
3 7
1 57
10 65
7 38
10 91
2 68
10 30
8 41
4 65
8 20
10 51
1 22
6 70
8 26
8 33
9 72
3 62
3 70
4 23
9 12
5 98
7 76
1 68
5 63
6 32
6 9
6 38
10 48
1 35
4 94
6 62
3 32
8 28
7 18
1 50
4 0
2 27
3 22
9 67
2 2
1 92
5 24
2 67
5 36
1 26
8 41
2 70
2 8
2 65
4 28
10 10
4 65
9 47
9 91
5 92
9 75
4 6
6 31
6 36
4 5
4 34
9 17
2 98
4 21
6 19
1 77
5 68
7 40
2 74
6 6
4 31
10 95
5 28
4 43
6 95
4 54
8 42
8 4
2 27
1 77
1 33
10 29
4 3
4 33
3 54
5 46
5 98
4 45
1 71
4 30
2 57
1 18
1 27
5 18
10 64
9 85
10 13
7 60
5 56
2 35
1 42
3 34
8 51
3 26
4 0
7 62
4 49
8 47
9 12
1 56
6 90
2 57
8 82
5 9
3 98
2 59
1 1
1 7
8 79
10 24
8 5
10 80
4 65
2 85
6 71
3 50
2 18
1 36
4 59
1 36
5 31
7 78
9 60
5 6
6 45
2 49
6 51
1 68
4 35
2 100
3 6
10 15
4 42
7 37
9 86
2 12
9 88
9 45
8 94
1 69
7 58
10 83
10 7
3 45
9 85
2 35
3 86
8 78
4 54
4 54
9 74
3 38
4 89
10 100
5 95
7 52
2 32
2 46
3 19
2 8
7 80
10 49
6 3
6 67
7 6
7 93
3 39
9 77
5 99
8 89
5 64
10 9
7 84
8 36
6 31
5 40
6 86
6 50
2 9
7 100
3 63
10 44
9 41
1 7
9 88
2 21
3 59
6 87
1 89
6 44
9 53
10 28
4 99
4 25
4 23
3 51
6 88
10 0
6 63
8 47
4 14
9 16
10 29
7 68
8 22
7 17
7 51
5 30
1 82
7 88
4 13
6 61
3 90
9 3
9 68
2 99
3 22
8 92
4 52
4 43
5 41
2 18
4 66
10 77
8 26
2 81
6 99
5 70
6 59
1 96
2 100
7 20
2 37
6 40
3 28
9 72
1 46
5 96
3 25
1 89
8 89
8 82
9 82
5 92
3 16
3 76
6 39
1 64
6 1
10 61
10 50
9 67
10 27
9 3
5 73
4 14
1 37
6 2
9 7
9 77
3 9
8 10
10 52
10 9
4 25
5 32
9 23
7 62
8 25
10 28
3 4
8 27
3 23
1 9
1 5
6 2
8 16
9 86
2 89
10 88
5 99
10 21
10 51
6 4
1 2
3 42
8 44
6 64
1 77
3 83
2 12
5 57
2 12
3 38
3 44
4 1
2 21
2 15
5 15
7 20
1 34
8 81
2 64
3 96
2 8
1 8
4 47
7 89
9 88
4 13
5 19
6 85
5 71
5 57
7 18
2 47
3 24
7 32
10 60
10 89
2 75
5 79
7 47
5 70
10 13
4 58
7 6
10 48
4 82
6 1
10 95
9 39
2 49
4 40
7 71
8 71
5 14
4 48
1 57
8 67
9 44
5 97
7 88
4 71
7 75
2 28
8 33
2 25
5 41
10 9
5 73
5 73
8 8
9 98
6 82
10 71
8 99
6 28
4 75
8 61
9 55
4 33
10 49
7 46
5 79
10 84
9 27
7 41
6 77
6 85
7 8
2 59
4 100
9 49
8 32
1 6
3 33
2 47
9 86
3 21
1 29
3 17
1 17
4 46
8 15
9 10
4 54
7 62
10 3
6 72
7 94
8 22
9 82
10 15
10 63
1 77
4 1
7 54
3 59
2 29
7 65
9 97
8 90
2 30
5 21
2 15
7 68
4 57
3 10
10 1
1 85
4 60
7 43
2 60
5 50
7 67
2 44
10 47
10 81
10 48
2 58
4 87
5 12
7 29
5 86
9 81
4 70
7 55
6 34
6 90
2 45
3 99
6 24
9 92
10 93
9 87
7 28
2 15
1 18
4 58
2 51
10 40
8 3
1 15
2 67
4 19
2 35
1 72
10 11
6 47
9 54
9 56
6 19
10 80
4 3
10 56
2 26
7 14
10 69
9 1
5 41
1 28
4 17
3 36
1 39
1 69
3 22
6 45
10 68
3 16
8 57
6 21
7 88
4 88
9 99
8 88
7 90
5 33
7 43
5 49
4 41
4 45
3 65
9 98
2 40
8 40
9 24
1 86
4 15
3 1
9 4
9 43
8 39
1 18
10 64
1 90
5 40
6 22
7 82
6 22
4 84
8 16
2 72
1 53
7 73
8 69
8 27
4 64
10 66
4 3
4 19
2 51
1 80
10 23
5 67
5 43
10 31
1 23
5 87
10 58
8 80
9 93
10 23
7 87
4 48
5 41
3 81
2 12
7 89
7 34
1 80
1 91
9 31
1 84
9 70
2 29
3 71
6 23
4 74
10 6
7 18
6 31
3 100
10 49
9 85
10 35
5 97
10 65
4 95
7 74
6 91
9 50
5 10
5 76
7 60
1 41
10 99
8 67
10 28
2 89
4 79
6 50
1 92
4 80
3 4
9 96
2 75
6 66
5 45
8 50
9 40
4 94
6 86
10 10
3 15
9 59
10 86
10 51
5 12
9 72
10 37
2 36
7 79
4 88
4 18
3 14
8 40
9 19
6 84
5 66
9 79
9 90
6 66
10 51
8 57
3 36
10 91
2 34
5 18
1 17
6 19
1 8
6 86
8 58
8 12
4 90
10 87
3 21
7 18
2 35
1 66
9 85
9 15
6 20
2 14
5 5
10 88
6 65
2 29
9 87
7 82
8 33
2 13
6 33
6 70
5 91
5 40
6 49
10 39
6 7
2 35
7 66
9 3
1 12
3 6
8 55
3 15
2 56
9 14
10 46
6 28
4 55
5 76
3 70
5 67
10 57
2 2
3 88
1 48
8 16
5 76
7 9
9 99
7 81
3 56
7 85
1 58
2 32
8 93
7 46
5 62
4 81
1 90
1 19
2 91
3 46
8 53
9 46
10 92
10 76
4 54
1 52
10 14
6 8
2 19
1 45
1 56
3 80
3 0
8 66
9 67
9 19
1 3
7 78
4 61
2 45
8 79
3 85
3 59
7 34
2 37
1 21
7 15
5 14
5 90
3 0
5 83
8 50
7 85
9 7
4 25
7 22
9 92
2 85
4 49
1 24
8 86
3 44
6 100
6 33
10 5
4 12
10 57
8 35
8 12
1 89
5 5
5 53
5 39
10 11
8 16
8 33
7 100
3 74
6 51
2 55
5 8
1 16
5 70
10 82
2 6
4 77
8 4
1 22
4 26
8 97
1 30
5 85
3 92
8 15
8 99
3 51
7 10
3 6
8 92
8 37
8 30
8 40
5 38
6 100
2 68
1 29
10 53
8 54
5 81
6 77
6 86
2 86
2 93
6 23
7 21
2 56
2 86
3 73
5 90
3 84
5 78
6 41
2 12
10 13
7 12
4 73
7 7
9 74
1 10
7 93
8 29
3 37
10 53
6 68
6 11
8 48
7 36
4 60
10 38
1 19
2 48
10 17
3 18
5 65
9 39
9 85
2 23
2 47
6 34
10 52
10 31
3 47
5 48
3 61
9 2
9 50
4 1
2 1
5 16
2 69
10 44
10 42
3 92
10 69
10 16
1 98
8 51
1 71
1 22
6 42
2 11
6 43
2 31
2 79
6 89
5 84
2 63
10 30
9 25
2 13
10 56
3 73
9 0
5 39
6 44
6 75
9 40
6 59
4 63
4 12
8 88
10 79
6 19
1 43
8 4
10 20
6 50
8 50
7 59
7 51
9 70
2 98
8 44
9 33
10 74
9 15
9 53
10 23
3 25
9 56
3 0
1 4
10 20
7 36
1 39
7 66
3 44
8 91
7 6
5 71
7 9
9 9
6 47
8 24
4 94
3 24
3 57
3 72
1 25
4 42
10 68
5 41
10 49
6 76
9 76
3 30
4 49
4 41
4 9
4 81
2 38
8 17
6 49
4 31
1 40
8 65
7 18
8 45
6 40
9 93
3 16
4 47
3 8
1 51
6 22
1 72
4 33
6 37
4 12
5 29
4 5
8 10
7 14
8 58
1 23
7 94
10 25
9 47
1 7
6 22
9 85
1 74
1 86
8 93
4 52
7 66
6 53
1 10
7 59
6 15
5 14
1 88
7 72
2 7
10 72
8 76
5 96
5 61
9 72
5 32
9 98
1 18
3 85
9 1
8 35
4 99
5 29
9 73
1 47
6 30
1 55
5 79
5 27
1 79
4 10
6 72
2 55
1 93
7 11
8 30
5 19
8 67
3 44
2 68
9 32
2 50
1 51
5 93
2 30
1 9
3 7
10 73
8 9
8 89
1 52
3 58
10 100
7 2
6 78
1 24
9 15
3 40
8 28
8 34
10 8
4 92
9 0
10 89
3 43
6 42
9 95
7 0
1 41
3 81
3 65
3 36
5 34
6 36
8 4
5 0
10 15
4 22
4 35
3 16
5 68
2 35
5 86
9 20
4 31
2 10
3 83
2 56
2 1
7 71
10 60
2 33
6 57
10 6
2 90
10 11
2 31
2 23
9 83
7 79
5 54
4 60
2 23
3 89
6 14
7 62
2 58
5 75
9 46
8 55
6 92
5 94
4 76
6 51
6 18
5 0
5 10
6 4
3 55
9 67
10 35
4 60
7 24
2 62
4 61
6 89
9 17
8 65
6 49
6 82
6 75
9 9
10 11
5 6
10 84
1 30
1 69
2 15
9 86
9 99
2 85
10 76
4 38
5 51
5 95
10 86
6 43
1 54
4 83
5 85
9 25
2 20
9 96
2 85
9 74
1 67
3 86
1 71
5 33
7 15
10 95
2 76
5 86
2 29
3 75
1 79
8 80
7 97
8 68
5 8
9 13
1 96
2 72
1 46
5 51
10 65
1 80
4 37
6 3
9 73
5 85
3 84
5 88
2 70
3 35
10 31
8 38
7 41
4 40
3 61
10 72
6 11
7 47
10 58
3 46
10 1
10 23
9 75
2 19
5 74
10 76
3 35
5 73
3 45
4 81
6 64
7 45
8 47
6 84
8 6
2 41
8 41
1 67
9 57
7 18
8 65
8 29
5 40
9 85
4 56
6 35
4 37
4 21
10 10
6 91
3 69
7 68
1 0
8 97
2 25
3 6
6 17
8 61
8 13
5 46
4 6
2 0
6 73
8 64
1 48
1 58
4 69
7 79
5 87
3 99
4 39
10 9
4 42
1 16
6 73
4 82
3 70
6 42
9 55
8 78
6 65
5 33
5 100
9 88
9 34
4 53
10 90
10 67
4 65
6 11
7 2
7 59
4 92
5 5
7 11
3 84
2 44
4 18
5 57
9 48
5 68
10 73
5 9
8 33
1 27
3 70
4 97
9 16
3 24
7 9
4 19
5 33
3 32
4 57
7 7
8 68
4 32
1 77
8 24
7 30
10 79
7 31
2 31
2 90
3 17
1 85
1 69
1 83
9 98
4 74
2 61
1 36
5 46
6 12
7 37
5 27
9 46
5 1
2 48
10 48
6 3
1 87
4 17
7 94
2 96
10 88
6 87
2 3
6 2
6 17
9 26
1 44
7 83
5 44
2 56
6 9
7 12
2 76
5 51
4 46
1 12
5 1
6 20
4 54
2 47
8 41
5 5
10 73
7 94
4 47
3 10
9 84
3 89
2 32
1 91
3 81
6 18
3 17
6 79
6 6
8 69
4 43
9 29
1 30
10 96
2 81
10 47
8 7
1 0
4 22
3 3
7 83
9 3
5 83
2 8
10 74
5 25
1 63
8 75
7 74
1 65
5 99
2 96
10 77
7 7
4 11
10 77
8 23
3 85
3 28
3 15
6 99
10 64
7 34
2 99
1 64
10 28
9 76
10 44
5 33
8 35
1 36
9 26
3 66
4 84
1 37
5 13
7 96
4 45
9 65
4 79
4 15
7 80
5 60
6 71
4 35
3 77
6 8
6 27
4 77
8 66
5 63
1 93
8 54
7 33
2 28
10 19
5 13
1 100
7 100
3 92
5 95
1 17
10 25
1 71
1 14
3 70
10 90
7 70
5 11
5 100
5 51
7 13
1 51
3 40
4 8
10 72
1 97
2 34
9 66
3 13
8 92
4 33
5 11
4 83
1 17
10 3
2 15
7 91
3 61
10 98
8 19
2 68
5 90
3 93
7 44
8 95
10 43
8 10
3 28
7 25
1 54
9 41
10 48
5 64
6 85
2 88
1 55
9 44
6 99
6 82
10 52
1 3
9 90
3 21
9 58
9 11
9 96
5 26
3 6
8 29
10 29
7 13
2 45
4 22
2 55
9 49
1 45
6 32
4 97
4 20
1 89
1 70
3 18
3 79
2 75
3 60
10 38
4 34
7 8
3 72
5 15
3 5
3 22
7 70
7 58
3 43
6 1
1 49
3 43
4 66
5 21
10 17
9 48
6 37
6 6
2 84
3 0
10 2
2 29
3 55
3 91
6 34
7 36
4 88
4 41
6 8
2 75
7 2
10 65
4 30
5 95
7 100
7 36
4 98
1 13
9 40
10 27
3 33
3 92
7 38
3 63
2 89
10 91
2 39
6 83
2 99
6 72
5 26
8 74
10 38
4 15
7 83
7 39
9 6
8 77
9 3
2 12
8 90
10 69
3 54
4 6
5 70
5 16
10 88
6 92
6 84
9 22
7 65
4 74
2 42
1 70
4 18
5 18
1 82
5 79
1 84
3 41
8 5
2 57
6 92
7 82
7 67
4 86
2 70
5 97
8 68
7 0
10 71
1 54
3 55
7 73
9 45
8 38
9 96
1 100
6 32
9 99
1 35
10 35
10 6
2 54
4 20
4 95
1 74
6 57
8 4
1 72
8 45
7 100
5 39
9 75
1 26
3 42
4 55
4 5
6 24
6 31
2 58
6 30
4 61
9 71
10 6
6 46
1 28
10 74
9 36
7 40
7 39
6 49
1 2
10 43
4 12
4 61
5 72
5 17
2 92
6 59
4 30
7 63
4 66
10 38
6 88
6 74
6 4
2 50
8 49
4 53
5 78
3 7
4 81
7 16
5 33
5 5
8 7
5 93
2 78
9 64
2 80
5 99
8 52
1 5
1 59
2 100
1 25
10 39
7 25
6 89
10 83
5 48
1 27
8 36
7 17
5 38
10 28
9 18
8 29
2 52
9 59
8 38
2 23
4 41
1 58
9 36
6 85
5 16
9 61
6 50
1 5
6 69
9 53
6 84
3 31
3 53
2 23
3 59
7 87
10 3
3 86
4 17
6 96
7 46
4 48
2 35
7 73
5 62
7 54
9 66
4 64
6 34
4 56
5 42
1 98
7 35
8 37
4 90
10 58
5 35
5 76
4 94
7 38
5 67
6 90
5 11
3 34
8 32
5 31
5 47
2 10
5 66
7 93
3 87
1 94
9 37
7 55
10 7
10 0
9 38
7 17
2 8
6 89
9 84
1 70
2 27
2 32
5 12
3 24
1 34
3 23
5 52
5 65
3 19
1 42
6 42
6 21
3 75
2 81
3 60
1 18
9 57
3 28
2 23
7 13
2 45
2 2
1 99
8 39
7 9
8 77
4 82
1 55
5 53
7 44
2 72
9 51
4 35
6 51
8 82
10 96
10 27
1 89
4 88
1 93
8 69
1 84
5 72
1 83
2 42
5 95
1 37
4 24
3 82
5 81
10 35
6 74
6 91
10 83
2 28
5 86
5 44
7 71
4 33
2 75
9 38
10 29
4 57
9 87
4 13
9 2
7 3
2 26
3 92
4 70
1 76
1 5
6 22
3 90
1 57
2 43
9 69
5 16
3 83
4 55
2 47
2 2
5 83
6 86
8 21
7 64
10 56
3 51
5 33
9 63
1 92
9 93
3 5
1 23
8 11
10 82
7 11
10 78
2 98
9 45
4 8
10 51
5 68
8 28
4 8
2 32
1 56
2 4
8 34
4 37
7 67
9 38
3 34
5 33
1 4
8 87
5 51
7 68
8 28
6 93
10 44
2 73
2 96
1 27
4 53
6 89
3 96
6 28
7 29
9 99
10 0
10 40
8 15
6 41
9 41
6 75
4 63
2 66
4 7
4 0
8 28
7 98
2 67
8 100
6 11
9 92
10 31
2 92
5 7
5 4
6 76
4 40
4 57
9 100
6 18
8 82
3 59
9 86
1 59
2 41
1 79
9 97
8 53
9 35
9 81
2 68
1 55
9 35
5 24
9 55
9 42
1 34
4 91
8 84
6 37
7 57
10 82
1 76
1 14
7 52
3 71
7 100
6 99
1 70
9 45
7 49
10 60
4 70
8 18
7 97
6 40
6 14
7 6
8 75
2 84
8 48
6 39
6 51
10 19
5 53
3 17
5 99
1 14
3 19
3 50
7 1
8 29
9 66
8 55
7 96
1 68
4 84
6 9
10 75
8 78
4 87
4 11
6 25
7 91
7 10
8 0
3 54
5 6
4 50
10 100
9 39
4 57
2 74
1 96
9 35
10 85
1 73
8 72
8 20
9 17
9 87
9 99
5 2
5 12
1 65
7 71
8 44
1 51
7 15
1 72
7 70
9 67
7 77
5 81
6 85
2 41
10 30
4 69
7 32
8 65
9 12
3 80
5 60
6 100
8 65
9 22
6 53
4 1
4 78
6 70
3 50
5 25
7 70
7 18
2 50
5 20
3 99
10 66
4 60
1 70
4 14
5 93
1 76
4 95
2 5
1 52
3 39
3 16
9 49
2 97
1 44
8 36
3 65
10 9
3 98
10 45
1 6
10 5
5 83
8 63
9 7
4 76
4 26
8 10
8 28
4 10
8 23
9 7
2 55
8 15
8 37
6 60
6 76
1 74
2 15
1 46
10 2
1 92
5 15
6 58
10 76
1 42
4 12
4 94
1 61
1 66
10 39
7 85
3 4
4 9
4 10
7 23
10 32
9 82
2 22
7 42
9 23
8 61
3 14
2 3
1 0
1 92
2 63
2 7
6 22
7 88
10 77
3 70
5 31
7 15
8 93
1 36
10 10
10 46
4 31
7 43
1 86
6 9
2 94
10 46
10 13
8 63
7 10
8 74
6 57
2 51
4 33
3 79
1 89
4 40
3 32
2 32
8 30
3 30
9 26
5 96
8 47
4 28
6 79
9 74
10 32
9 18
5 82
4 96
9 29
7 45
2 36
6 89
4 13
5 11
5 18
4 38
4 90
3 53
9 22
8 17
3 14
8 47
8 66
4 28
8 13
8 99
4 57
9 47
8 16
10 23
7 71
1 99
3 17
7 27
8 73
1 39
5 59
9 10
5 87
4 84
6 89
3 13
7 94
4 88
3 76
7 59
10 37
1 14
3 22
3 14
8 84
2 80
3 63
8 60
7 71
6 24
5 21
5 4
6 37
9 72
3 25
5 64
6 68
5 95
9 52
5 9
2 68
7 61
10 0
7 52
4 36
3 86
3 76
1 88
3 57
1 25
2 17
7 99
5 78
10 21
10 70
1 70
4 35
3 5
1 27
8 53
5 12
3 91
6 11
9 1
7 68
4 75
7 60
9 94
4 77
4 44
2 81
8 29
8 11
4 1
10 50
2 20
5 14
4 1
4 70
3 55
9 49
8 52
1 53
3 96
8 81
5 83
3 79
4 6
6 24
6 76
4 54
3 45
3 68
8 29
3 14
5 100
7 45
4 84
8 65
4 7
3 18
1 52
4 38
9 68
7 50
4 3
8 60
5 2
3 93
8 78
10 65
9 28
7 2
9 20
6 16
4 50
1 9
6 81
9 83
2 23
6 20
2 33
9 72
10 86
5 51
4 11
3 13
10 76
1 99
10 48
10 1
10 46
2 74
8 10
8 36
3 88
1 16
10 22
2 36
10 25
3 75
7 4
5 50
9 58
4 76
1 21
5 35
9 16
5 14
7 63
3 78
8 45
7 88
1 35
9 47
3 54
10 24
9 95
6 80
5 32
8 67
8 75
4 70
4 47
1 15
5 0
6 88
9 70
9 33
8 8
1 24
5 86
7 93
3 27
10 75
6 33
9 94
9 38
4 33
8 3
7 32
7 33
6 32
4 52
1 70
6 55
4 65
10 48
2 70
10 86
2 7
1 92
7 5
2 32
4 48
10 37
7 47
1 98
6 58
9 96
6 51
9 17
2 83
8 37
9 93
5 55
3 58
1 79
5 60
7 75
6 91
6 82
8 92
7 16
4 20
5 81
4 21
4 58
8 51
6 80
8 77
1 97
1 41
1 93
10 2
1 4
10 4
6 24
3 49
7 56
5 41
4 98
2 60
1 35
2 50
4 15
10 44
4 29
2 46
2 17
3 18
5 34
1 4
6 50
10 89
1 94
6 70
9 64
9 85
4 49
4 62
7 78
5 70
5 22
3 45
4 83
5 87
3 1
6 84
9 43
5 97
6 13
1 63
7 4
6 64
6 6
5 49
1 11
1 23
7 50
4 23
1 29
1 76
6 96
2 39
1 27
10 92
6 57
9 58
2 28
1 82
3 34
10 89
7 73
10 66
1 43
6 43
8 26
10 19
3 9
4 72
7 72
2 66
2 6
1 26
7 80
10 80
8 34
9 42
2 10
2 16
7 98
6 1
10 95
2 52
10 57
2 14
10 7
1 60
8 90
7 33
10 52
3 85
7 97
9 3
10 38
10 75
10 18
2 73
4 47
8 76
2 37
6 44
2 14
4 43
1 39
6 89
8 13
7 46
5 78
8 100
5 92
5 99
7 47
10 62
4 80
5 2
1 38
10 7
10 63
6 68
1 28
5 50
7 50
3 71
8 18
3 65
7 12
3 69
3 57
5 50
4 2
9 42
1 84
6 93
9 90
7 25
1 40
9 8
9 89
3 58
2 66
1 49
1 29
3 64
9 48
8 6
10 80
8 47
1 67
9 12
8 52
5 41
10 36
6 44
9 90
1 75
9 73
3 92
6 43
2 52
2 80
3 97
10 77
5 87
7 83
1 23
1 20
6 21
2 48
2 6
8 96
1 96
5 53
1 84
3 43
6 15
5 12
7 71
8 88
8 80
4 95
7 97
8 15
6 53
1 45
2 55
10 31
10 1
1 70
10 34
7 43
5 18
8 47
6 88
3 56
5 12
6 23
10 30
7 30
1 71
2 41
5 32
10 84
1 95
4 46
2 35
5 75
1 93
5 58
7 48
5 33
8 29
9 81
4 70
8 10
8 71
6 68
4 57
5 61
9 48
7 54
5 50
7 28
4 98
10 33
7 89
4 42
6 33
9 66
2 97
1 15
8 91
9 26
2 40
3 72
2 57
1 81
10 79
7 66
7 97
9 31
5 35
6 9
4 55
7 19
3 20
3 30
3 36
1 16
2 85
4 41
6 46
8 57
2 79
5 32
5 64
1 58
7 13
5 91
7 3
9 52
10 8
1 42
6 15
10 24
10 24
5 80
1 25
6 86
10 9
1 44
3 73
4 48
7 86
8 77
5 49
4 15
2 45
1 49
9 71
10 96
2 13
3 61
2 53
9 58
2 98
4 20
4 82
6 78
1 38
3 92
5 24
1 65
4 100
1 78
3 31
9 77
10 5
6 32
2 91
6 20
10 21
10 20
5 99
1 51
7 38
5 74
7 91
3 13
3 66
9 64
1 95
4 41
9 3
1 87
6 42
4 27
9 19
7 97
1 8
6 36
3 39
8 53
8 38
4 46
10 10
1 10
3 39
3 76
6 43
5 65
3 17
8 93
1 54
2 72
10 71
9 10
3 25
8 35
2 92
3 71
7 39
1 76
3 51
1 15
6 66
10 28
3 99
10 6
4 26
8 91
6 17
2 32
6 22
2 91
10 67
3 67
9 55
6 26
3 19
4 59
10 26
4 93
8 68
1 45
1 99
7 47
8 46
7 72
10 20
1 10
1 46
7 54
4 92
