50
4 6 4
1 4 2 1
100 10 1
1
5 5 10
2 4 2 3 4 2 1 2 1 3
1 1 1
1
100 2 2
1 2
1000 100 10
4 3 9 1 2 5 6 9 1 10
1 10 10
4 3 4 1 2 5 6 9 1 10
1 10 9
1 1 1 1 1 1 1 1 1
1000 10 9
1 1 1 1 1 1 1 1 1
934 9 10
8 8 8 8 8 8 8 8 8 8
734 3 10
1 2 3 3 2 1 1 2 3 1
345 19 10
10 10 10 10 10 10 10 10 10 10
765 10 10
10 1 10 1 10 1 10 1 10 1
1000 100 10
10 10 10 10 10 10 10 10 10 10
734 20 10
1 2 3 4 5 6 7 8 9 10
631 16 10
10 9 8 7 6 5 4 3 2 1
2 13 8
10 7 7 9 9 9 9 1
4 6 8
5 6 1 6 6 5 4 2
4 6 8
4 1 3 4 3 1 2 3
2 9 5
2 4 2 5 4
331 11 9
7 4 10 3 9 3 5 6 10
797 12 10
9 4 2 3 10 2 8 7 10 4
298 6 10
4 2 2 4 6 2 2 1 5 5
512 8 9
7 1 6 6 7 1 1 8 3
9 29 10
1 9 9 9 2 8 9 7 1 2
7 22 9
5 3 3 9 6 2 9 1 7
7 22 9
3 10 9 7 9 4 7 7 4
6 27 9
5 4 2 8 4 4 9 10 6
102 17 10
5 8 8 9 5 7 6 7 8 7
105 17 8
6 8 6 8 8 6 9 6
119 32 8
9 7 5 5 6 5 5 9
408 20 9
5 9 6 5 7 8 5 9 6
92 30 10
7 8 7 8 6 7 7 8 6 9
595 38 8
5 5 9 5 5 7 6 9
235 66 9
6 6 8 9 5 8 8 9 6
305 23 9
9 5 8 6 7 8 6 7 6
392 46 9
7 5 9 9 5 5 8 6 9
467 51 6
5 5 6 6 8 9
32 3 9
3 3 3 3 3 3 3 3 3
945 51 6
9 9 9 6 7 7
756 32 5
7 6 5 5 9
959 80 8
8 5 7 8 9 9 5 6
513 84 8
9 9 6 8 8 5 6 8
41 83 9
5 6 7 5 8 6 6 7 6
242 85 9
9 5 5 7 7 5 5 7 9
845 9 9
5 6 5 8 6 9 7 6 5
685 49 8
7 6 7 9 7 9 5 7
580 28 6
8 7 6 5 6 6
762 6 6
6 6 6 5 6 6
527 61 9
6 8 8 5 8 9 7 9 6
